1,-1,817.4669189453125,254.28038024902344,949.7008056640625,383.70062255859375,0.9989460110664368
1,-1,650.4686889648438,585.8985595703125,758.9746704101562,721.1728515625,0.9979118704795837
1,-1,682.5042114257812,435.6548767089844,793.2612915039062,573.850830078125,0.9975616931915283
1,-1,959.7266235351562,265.44732666015625,1035.810546875,366.19671630859375,0.9965941309928894
1,-1,526.5140380859375,509.146484375,644.6553955078125,655.2799072265625,0.9953031539916992
1,-1,97.1305923461914,321.7822570800781,230.412109375,435.0824279785156,0.9948928356170654
1,-1,549.959228515625,328.2043151855469,656.998046875,459.4594421386719,0.9948615431785583
1,-1,383.49639892578125,346.1284484863281,497.62841796875,481.5420227050781,0.99456787109375
1,-1,233.8680419921875,291.47979736328125,352.10321044921875,389.94073486328125,0.9929125905036926
1,-1,826.1687622070312,394.8049621582031,952.2500610351562,522.62890625,0.9916611909866333
1,-1,205.0668182373047,384.93255615234375,369.72723388671875,484.99639892578125,0.9679657220840454
1,-1,1235.7286376953125,946.9813842773438,1279.8763427734375,959.9274291992188,0.3506663143634796
1,-1,1265.5499267578125,918.1243896484375,1279.8961181640625,959.4140625,0.1630552113056183
1,-1,4.132499694824219,218.77584838867188,96.62847137451172,342.8404846191406,0.11321935802698135
1,-1,1267.9051513671875,883.7221069335938,1279.9515380859375,958.9657592773438,0.06839726120233536
1,-1,0.8855972290039062,452.447265625,93.8544692993164,566.0934448242188,0.06231200695037842
1,-1,227.65541076660156,370.57586669921875,351.3297424316406,451.063232421875,0.05405852571129799
2,-1,816.9102783203125,254.07870483398438,949.83984375,384.2268371582031,0.9988721013069153
2,-1,650.3535766601562,585.7817993164062,759.0311889648438,721.3185424804688,0.9979228377342224
2,-1,682.4888916015625,435.22882080078125,792.827880859375,573.827880859375,0.9977838397026062
2,-1,959.7060546875,265.70684814453125,1035.8397216796875,366.21697998046875,0.9966949224472046
2,-1,526.6688232421875,508.94488525390625,644.7520751953125,654.9176635742188,0.9951688647270203
2,-1,96.92362213134766,322.059814453125,229.5166015625,433.510498046875,0.9949475526809692
2,-1,550.031494140625,328.3973083496094,656.9979248046875,459.6099548339844,0.9949042797088623
2,-1,383.5177001953125,346.112548828125,497.56634521484375,481.48291015625,0.9945687055587769
2,-1,233.96990966796875,292.577392578125,352.1412353515625,389.7490234375,0.9932426810264587
2,-1,826.1751098632812,395.14178466796875,952.5337524414062,521.6319580078125,0.992283284664154
2,-1,218.99526977539062,375.9774169921875,360.6914367675781,474.58154296875,0.9668471813201904
2,-1,1235.658203125,947.0223388671875,1279.871337890625,959.9283447265625,0.34281399846076965
2,-1,1265.516845703125,918.1119995117188,1279.8935546875,959.4041137695312,0.15457572042942047
2,-1,4.027256011962891,218.49403381347656,95.56626892089844,343.05242919921875,0.1320955753326416
2,-1,1267.8927001953125,883.5675659179688,1279.9503173828125,958.9635620117188,0.06606108695268631
2,-1,2.328441619873047,447.5549011230469,91.32644653320312,564.1217041015625,0.058333173394203186
2,-1,1190.0880126953125,947.6178588867188,1274.3419189453125,960.0,0.05033491551876068
3,-1,817.2898559570312,254.49021911621094,949.9589233398438,384.1998291015625,0.9988430738449097
3,-1,652.3687744140625,592.3187866210938,759.7509765625,728.8799438476562,0.9980466365814209
3,-1,682.1477661132812,434.9678649902344,792.9791870117188,574.0989379882812,0.9977165460586548
3,-1,959.8211669921875,265.6258850097656,1035.9849853515625,366.1520690917969,0.9965479969978333
3,-1,526.6307983398438,509.15032958984375,644.6537475585938,654.4340209960938,0.9952660799026489
3,-1,550.1712646484375,328.5309753417969,656.8583984375,459.5161437988281,0.9951144456863403
3,-1,97.41202545166016,321.40570068359375,229.28683471679688,431.5150146484375,0.9948611855506897
3,-1,383.3800048828125,346.07318115234375,497.560546875,481.2752685546875,0.994662344455719
3,-1,233.89642333984375,293.01666259765625,351.98150634765625,389.91204833984375,0.9929481744766235
3,-1,826.3292236328125,395.1541442871094,953.06103515625,520.8436279296875,0.9927628636360168
3,-1,219.88897705078125,376.8981018066406,360.486572265625,474.7884216308594,0.9688754677772522
3,-1,1235.7464599609375,947.0011596679688,1279.8704833984375,959.9251098632812,0.3553551137447357
3,-1,1265.5135498046875,918.3660888671875,1279.8946533203125,959.4176025390625,0.16399994492530823
3,-1,4.02532958984375,218.22547912597656,95.3485336303711,342.3534851074219,0.14277897775173187
3,-1,1267.8489990234375,884.1468505859375,1279.9495849609375,958.9744873046875,0.06152203679084778
3,-1,1234.916015625,918.4818115234375,1279.906982421875,959.6302490234375,0.051551565527915955
4,-1,817.456298828125,254.32705688476562,949.94970703125,384.2053527832031,0.9988905787467957
4,-1,652.19384765625,592.0984497070312,760.0076904296875,728.9989624023438,0.9979642629623413
4,-1,682.121337890625,434.88616943359375,792.7955322265625,574.0850830078125,0.9976922273635864
4,-1,959.927001953125,265.5015563964844,1035.9354248046875,366.0853576660156,0.9965153932571411
4,-1,526.6555786132812,509.23785400390625,644.6275024414062,654.1869506835938,0.9952296018600464
4,-1,97.13357543945312,320.8757629394531,229.37527465820312,431.3990783691406,0.9948763251304626
4,-1,550.3414916992188,328.6540222167969,656.8721313476562,459.2551574707031,0.9947827458381653
4,-1,383.4893493652344,346.2197265625,497.4867858886719,481.34130859375,0.9944295883178711
4,-1,826.3408203125,395.33111572265625,953.170166015625,520.5958251953125,0.9929630160331726
4,-1,234.84657287597656,293.1768493652344,352.03955078125,390.4070739746094,0.9916338920593262
4,-1,220.48399353027344,378.2488098144531,360.13507080078125,474.6262512207031,0.9674485325813293
4,-1,1235.8294677734375,946.9691772460938,1279.8748779296875,959.9255981445312,0.3688279092311859
4,-1,1258.435791015625,940.9215087890625,1279.88916015625,959.8829345703125,0.2758623957633972
4,-1,3.960613250732422,218.35345458984375,95.58596801757812,343.034912109375,0.16891847550868988
4,-1,1265.4908447265625,918.2957153320312,1279.8958740234375,959.4102172851562,0.16651475429534912
4,-1,1267.7567138671875,884.1589965820312,1279.9503173828125,958.9692993164062,0.06425454467535019
4,-1,1234.9384765625,918.43408203125,1279.9140625,959.624755859375,0.05338176712393761
5,-1,817.299560546875,254.28768920898438,950.0645751953125,384.0628967285156,0.9988252520561218
5,-1,652.6021728515625,592.228271484375,759.8037109375,728.9111328125,0.9979718327522278
5,-1,682.151611328125,435.12890625,793.474853515625,574.5255737304688,0.9976773858070374
5,-1,959.8423461914062,265.4753112792969,1035.7879638671875,366.0749816894531,0.9962433576583862
5,-1,526.4490966796875,509.0467224121094,644.44921875,655.057373046875,0.9952440857887268
5,-1,96.79859161376953,319.676513671875,229.33956909179688,431.57818603515625,0.995069146156311
5,-1,550.6688232421875,328.8208312988281,656.6494140625,458.8846740722656,0.9950186014175415
5,-1,383.16064453125,346.2747497558594,497.77838134765625,481.1795349121094,0.99444180727005
5,-1,826.2784423828125,395.2203063964844,953.1279296875,520.5654296875,0.9934686422348022
5,-1,234.2281494140625,292.7646179199219,351.6019287109375,390.7753601074219,0.9922187328338623
5,-1,220.11502075195312,378.18743896484375,359.7188415527344,474.42041015625,0.9686587452888489
5,-1,1235.8199462890625,946.9864501953125,1279.8773193359375,959.9276123046875,0.33930066227912903
5,-1,4.01348876953125,217.9664306640625,94.82280731201172,343.29083251953125,0.180974081158638
5,-1,1265.5108642578125,918.2844848632812,1279.8944091796875,959.4089965820312,0.15453115105628967
5,-1,1267.839599609375,884.0281982421875,1279.95068359375,958.967529296875,0.060700878500938416
6,-1,817.16943359375,253.99122619628906,949.9263916015625,384.10797119140625,0.9988870024681091
6,-1,652.7349243164062,592.2572631835938,759.7564086914062,728.8378295898438,0.99802565574646
6,-1,682.30224609375,435.5343017578125,793.4420166015625,574.4249267578125,0.9976199269294739
6,-1,959.7915649414062,265.470703125,1035.764892578125,365.95123291015625,0.9963570237159729
6,-1,96.37631225585938,319.0697326660156,229.14031982421875,431.5096130371094,0.9955238103866577
6,-1,526.3443603515625,508.81097412109375,644.8299560546875,654.5465698242188,0.9954012632369995
6,-1,550.3560791015625,328.7725524902344,656.7271728515625,459.0359191894531,0.9947009086608887
6,-1,383.4709167480469,346.2775573730469,497.4888000488281,481.0393981933594,0.994422972202301
6,-1,826.2677612304688,395.68865966796875,953.3146362304688,520.620361328125,0.994376540184021
6,-1,234.74282836914062,291.81109619140625,351.0747985839844,391.11236572265625,0.9925629496574402
6,-1,215.6717529296875,384.8978271484375,359.80584716796875,485.3154296875,0.9800452589988708
6,-1,1235.5694580078125,947.0377807617188,1279.8680419921875,959.9279174804688,0.3396979868412018
6,-1,4.075557708740234,219.35205078125,94.21641540527344,343.1827392578125,0.22580137848854065
6,-1,1265.52197265625,918.3174438476562,1279.896728515625,959.4161987304688,0.15347976982593536
6,-1,1267.8673095703125,883.7880859375,1279.9539794921875,958.9598388671875,0.06315989792346954
7,-1,817.4429321289062,254.4438018798828,949.8091430664062,383.80718994140625,0.998895525932312
7,-1,652.9658203125,592.1498413085938,759.9912109375,728.9385375976562,0.9979994893074036
7,-1,682.4373779296875,435.6065673828125,793.4520263671875,574.2124633789062,0.9975354671478271
7,-1,959.786865234375,265.7230224609375,1035.6341552734375,366.18206787109375,0.9961686730384827
7,-1,526.568115234375,508.96258544921875,644.8709716796875,653.9707641601562,0.9954934120178223
7,-1,96.21240234375,318.90338134765625,230.15545654296875,431.69525146484375,0.9948380589485168
7,-1,550.4383544921875,328.815185546875,656.729248046875,459.0546875,0.9947047829627991
7,-1,383.40203857421875,346.3464050292969,497.3087158203125,481.3638000488281,0.9945683479309082
7,-1,826.3412475585938,395.76947021484375,952.9027709960938,519.7806396484375,0.9942538142204285
7,-1,234.17616271972656,292.1499328613281,351.7558288574219,391.6534729003906,0.9936582446098328
7,-1,217.77297973632812,385.6644287109375,359.5285339355469,484.3135986328125,0.9778646230697632
7,-1,1235.6787109375,947.0326538085938,1279.870361328125,959.9292602539062,0.3386470675468445
7,-1,1265.4901123046875,918.1959838867188,1279.8963623046875,959.4086303710938,0.15961267054080963
7,-1,0.0,213.79483032226562,89.99119567871094,346.2220153808594,0.14924953877925873
7,-1,1267.830810546875,884.2598876953125,1279.95068359375,958.9515380859375,0.06191415712237358
8,-1,817.4457397460938,253.91859436035156,949.8071899414062,383.817138671875,0.9989305138587952
8,-1,651.0647583007812,585.6697998046875,759.1563110351562,721.444091796875,0.9978365302085876
8,-1,682.3140258789062,435.49530029296875,793.0798950195312,574.1380004882812,0.9976133108139038
8,-1,959.8922119140625,265.9134521484375,1035.84521484375,365.97967529296875,0.9964277148246765
8,-1,526.06591796875,508.695556640625,645.0225830078125,654.0863037109375,0.9957544803619385
8,-1,550.3754272460938,328.6957702636719,657.0557250976562,459.1852722167969,0.9950732588768005
8,-1,94.56365203857422,317.398681640625,229.46002197265625,433.1744384765625,0.994745135307312
8,-1,383.4444274902344,346.27044677734375,497.4464416503906,481.191162109375,0.9945573806762695
8,-1,826.52197265625,395.9448547363281,952.9168701171875,519.2389526367188,0.994159460067749
8,-1,233.1331787109375,293.0491943359375,351.1014404296875,392.72418212890625,0.991717517375946
8,-1,218.67626953125,386.3013916015625,359.6038818359375,483.83453369140625,0.9775326251983643
8,-1,1235.423095703125,947.0520629882812,1279.871337890625,959.9263305664062,0.3529646694660187
8,-1,1265.575439453125,918.1079711914062,1279.894775390625,959.4006958007812,0.1661929190158844
8,-1,0.9969635009765625,205.36404418945312,91.49111938476562,342.3771057128906,0.14782696962356567
8,-1,1267.920654296875,883.6159057617188,1279.948974609375,958.9485473632812,0.072235107421875
8,-1,1189.87060546875,947.5718994140625,1274.61083984375,960.0,0.05702248215675354
9,-1,817.2576293945312,253.5963592529297,950.0473022460938,383.8717041015625,0.9989311099052429
9,-1,651.1166381835938,585.7427978515625,759.1409301757812,721.3170166015625,0.9978073239326477
9,-1,682.3958129882812,435.3208312988281,793.3101196289062,573.702880859375,0.9975995421409607
9,-1,959.7776489257812,265.8182373046875,1035.6746826171875,366.080322265625,0.996044397354126
9,-1,526.4249877929688,509.03778076171875,644.7483520507812,653.5562133789062,0.9958173632621765
9,-1,550.2845458984375,328.47137451171875,657.1168212890625,459.2767333984375,0.9950643181800842
9,-1,383.3822021484375,346.23468017578125,497.4638671875,481.06988525390625,0.9946193695068359
9,-1,92.85609436035156,316.4789123535156,228.0668487548828,433.9721984863281,0.9944333434104919
9,-1,826.2728271484375,396.04888916015625,952.5599365234375,519.40478515625,0.9940940737724304
9,-1,232.916015625,292.5326843261719,351.3822021484375,391.2403259277344,0.9925791621208191
9,-1,218.8131103515625,386.4593200683594,359.4052734375,483.1195373535156,0.9770408272743225
9,-1,1235.4964599609375,947.0438842773438,1279.8726806640625,959.9291381835938,0.34175944328308105
9,-1,1265.62158203125,918.2537841796875,1279.8955078125,959.4090576171875,0.1637629270553589
9,-1,1.8984756469726562,215.54344177246094,83.93675231933594,331.6352844238281,0.1443803757429123
9,-1,1267.9678955078125,883.9779663085938,1279.9503173828125,958.9905395507812,0.06834352761507034
9,-1,1190.0948486328125,947.5735473632812,1274.3187255859375,960.0,0.05002428591251373
10,-1,817.6849975585938,254.22207641601562,949.8596801757812,383.8226623535156,0.998908281326294
10,-1,651.6277465820312,585.7286987304688,759.1007690429688,720.9672241210938,0.9977821707725525
10,-1,682.5996704101562,435.3672790527344,793.2390747070312,573.5078125,0.9975801706314087
10,-1,959.7879028320312,266.26446533203125,1035.5716552734375,366.38397216796875,0.9960752129554749
10,-1,526.7911376953125,509.13494873046875,644.81201171875,653.7129516601562,0.9956412315368652
10,-1,92.21725463867188,316.68603515625,228.23934936523438,433.44000244140625,0.9951481223106384
10,-1,550.1133422851562,328.40496826171875,657.2776489257812,459.30548095703125,0.9950894713401794
10,-1,383.24493408203125,346.36785888671875,497.5687255859375,481.37139892578125,0.9945108890533447
10,-1,826.5003662109375,396.0456237792969,952.703125,519.2742309570312,0.9942713975906372
10,-1,233.75372314453125,292.64892578125,350.80828857421875,390.68572998046875,0.9928481578826904
10,-1,218.99063110351562,386.8241271972656,358.6110534667969,482.1300354003906,0.9757924675941467
10,-1,1235.556640625,947.0281372070312,1279.876953125,959.9297485351562,0.35781311988830566
10,-1,1265.5255126953125,918.235107421875,1279.8966064453125,959.4102783203125,0.1762024462223053
10,-1,0.0,210.69650268554688,87.16203308105469,337.8749084472656,0.15574441850185394
10,-1,1267.864990234375,884.1246948242188,1279.94921875,958.9647827148438,0.0690624788403511
10,-1,1190.12890625,947.5706176757812,1274.26953125,960.0,0.05317077413201332
10,-1,1234.858154296875,918.2892456054688,1279.912353515625,959.6294555664062,0.050755228847265244
11,-1,817.6607666015625,253.5812530517578,949.8408203125,383.44610595703125,0.9989396929740906
11,-1,651.7010498046875,585.8712158203125,758.9771728515625,720.9112548828125,0.997822642326355
11,-1,682.2953491210938,434.8752746582031,793.5543823242188,573.8353271484375,0.9976951479911804
11,-1,959.8665771484375,266.2856750488281,1035.6051025390625,366.2411193847656,0.9961440563201904
11,-1,526.7386474609375,509.2518615722656,644.7412109375,653.767822265625,0.9956929087638855
11,-1,90.33680725097656,316.375,227.21034240722656,431.65618896484375,0.9956417083740234
11,-1,550.0512084960938,328.261474609375,657.3551635742188,459.30487060546875,0.9950643181800842
11,-1,383.1282043457031,346.32769775390625,497.4043884277344,481.55718994140625,0.9947335720062256
11,-1,826.4680786132812,395.8417663574219,952.9817504882812,519.235107421875,0.9943059086799622
11,-1,233.4491424560547,292.468017578125,350.4468688964844,390.49945068359375,0.9929152727127075
11,-1,217.26544189453125,386.69110107421875,358.27825927734375,482.5518798828125,0.9766032695770264
11,-1,1235.685546875,947.0132446289062,1279.880615234375,959.9290161132812,0.3610744774341583
11,-1,1265.5283203125,918.1195068359375,1279.897705078125,959.40087890625,0.16747328639030457
11,-1,0.0,211.17330932617188,87.20379638671875,336.7433776855469,0.1592543125152588
11,-1,1267.837646484375,884.1250610351562,1279.950927734375,958.9602661132812,0.06463570147752762
11,-1,1190.1689453125,947.5657348632812,1274.264892578125,960.0,0.055361028760671616
11,-1,1234.8594970703125,918.2973022460938,1279.9163818359375,959.6221313476562,0.051122672855854034
12,-1,817.4794311523438,254.26113891601562,949.7617797851562,383.3611755371094,0.9988848567008972
12,-1,651.5358276367188,585.6270141601562,759.0692749023438,721.0858764648438,0.9978260397911072
12,-1,682.3687133789062,435.0873718261719,793.7212524414062,573.7818603515625,0.9976773858070374
12,-1,959.7498168945312,266.6885070800781,1035.235107421875,366.2608947753906,0.9963975548744202
12,-1,88.70307922363281,315.9921569824219,226.35264587402344,431.2633972167969,0.9961638450622559
12,-1,526.9708862304688,509.155029296875,644.6066284179688,653.4456787109375,0.9956176280975342
12,-1,550.1337280273438,328.3452453613281,657.0542602539062,459.2388000488281,0.9949943423271179
12,-1,382.9568176269531,346.40008544921875,497.2955017089844,481.4495849609375,0.9943968057632446
12,-1,826.4652709960938,395.76385498046875,952.9310913085938,519.2515258789062,0.9941864013671875
12,-1,233.32644653320312,292.98431396484375,350.4179382324219,391.047607421875,0.9928464293479919
12,-1,217.43313598632812,386.7447204589844,358.2522277832031,482.0638732910156,0.9771504402160645
12,-1,1235.6046142578125,947.0140380859375,1279.8709716796875,959.9287109375,0.35143399238586426
12,-1,0.0,211.200439453125,85.35813903808594,334.54547119140625,0.16896924376487732
12,-1,1265.57666015625,918.0892944335938,1279.895751953125,959.4110717773438,0.1622677445411682
12,-1,1267.9437255859375,884.1853637695312,1279.9498291015625,958.9669799804688,0.06756363809108734
12,-1,1189.8013916015625,947.6012573242188,1274.3267822265625,960.0,0.05278521776199341
13,-1,817.104248046875,253.82325744628906,950.03369140625,383.772216796875,0.9988840222358704
13,-1,651.5271606445312,585.6820068359375,759.1334838867188,721.0802001953125,0.9978517293930054
13,-1,682.2482299804688,435.09033203125,793.9323120117188,574.0668334960938,0.9975583553314209
13,-1,959.8204345703125,266.05462646484375,1035.5167236328125,366.02972412109375,0.9963961243629456
13,-1,87.51606750488281,315.30889892578125,227.8967742919922,432.97967529296875,0.996166467666626
13,-1,526.9327392578125,509.35028076171875,644.7227783203125,653.3222045898438,0.995573878288269
13,-1,550.1814575195312,328.310302734375,657.0147094726562,459.1531982421875,0.9948193430900574
13,-1,383.5446472167969,346.469482421875,497.2399597167969,481.5460205078125,0.9943854808807373
13,-1,826.4830322265625,395.6259460449219,953.3016357421875,519.5516967773438,0.9940358400344849
13,-1,233.46310424804688,293.01165771484375,350.6573791503906,391.83282470703125,0.9938907623291016
13,-1,218.63609313964844,386.71087646484375,359.23284912109375,482.25823974609375,0.9800733923912048
13,-1,1235.8211669921875,946.977294921875,1279.8677978515625,959.9276123046875,0.34585511684417725
13,-1,1265.5047607421875,918.2197265625,1279.8968505859375,959.4111328125,0.16163849830627441
13,-1,0.5986404418945312,216.40927124023438,85.83899688720703,334.0436706542969,0.150546595454216
13,-1,1267.9154052734375,884.1854248046875,1279.9512939453125,958.9630126953125,0.06515543907880783
14,-1,817.1766967773438,254.0042266845703,949.8743286132812,383.71844482421875,0.9988915324211121
14,-1,651.6563720703125,585.75830078125,759.202392578125,720.9755859375,0.9978222846984863
14,-1,681.8312377929688,434.93182373046875,793.5303344726562,573.8336181640625,0.9976928234100342
14,-1,959.81494140625,266.3063049316406,1035.545166015625,366.0754089355469,0.9964554309844971
14,-1,526.4789428710938,509.280517578125,644.7481079101562,653.55517578125,0.9957053065299988
14,-1,86.28417205810547,316.1661682128906,227.5015869140625,432.4914245605469,0.9956609606742859
14,-1,550.1575927734375,328.34979248046875,656.8712158203125,459.0350341796875,0.9947770833969116
14,-1,383.6494445800781,346.3868103027344,497.1632385253906,481.3215637207031,0.9946147799491882
14,-1,233.28237915039062,293.02911376953125,350.5895690917969,390.64599609375,0.9945264458656311
14,-1,826.6007690429688,395.8315124511719,953.1769409179688,518.9154663085938,0.9936198592185974
14,-1,217.93853759765625,386.0296936035156,359.71002197265625,482.8166809082031,0.9820605516433716
14,-1,1235.8043212890625,946.9857788085938,1279.8692626953125,959.9285278320312,0.3490721583366394
14,-1,1258.3890380859375,940.8612670898438,1279.8887939453125,959.8821411132812,0.27287691831588745
14,-1,1265.4915771484375,918.0775756835938,1279.8963623046875,959.4147338867188,0.1599777638912201
14,-1,0.0,197.1166534423828,82.94618225097656,328.1497802734375,0.1472856104373932
14,-1,1267.9224853515625,884.1220703125,1279.9508056640625,958.9759521484375,0.0665045902132988
14,-1,1234.906982421875,918.3767700195312,1279.912109375,959.6248168945312,0.050751447677612305
15,-1,816.9749755859375,254.02072143554688,949.9654541015625,383.7198791503906,0.9988585710525513
15,-1,651.8455200195312,585.6279296875,759.2199096679688,720.9072265625,0.997804582118988
15,-1,681.9534912109375,435.0135803222656,793.6287841796875,574.0037231445312,0.9977311491966248
15,-1,959.7443237304688,265.9752502441406,1035.7371826171875,365.9956359863281,0.9963074922561646
15,-1,526.2623291015625,509.14874267578125,644.958740234375,654.5375366210938,0.9957396984100342
15,-1,85.20555877685547,315.92633056640625,227.17446899414062,435.04193115234375,0.9955742359161377
15,-1,550.0772705078125,328.45654296875,657.11474609375,459.220458984375,0.9950799942016602
15,-1,233.6177215576172,293.2217102050781,351.1646728515625,390.7086486816406,0.9947513937950134
15,-1,383.8549499511719,346.3189697265625,496.9242858886719,481.3212890625,0.9946054816246033
15,-1,826.3311767578125,395.6700134277344,952.7435302734375,518.5828857421875,0.9934129118919373
15,-1,219.03451538085938,386.3977355957031,359.8376770019531,482.2748718261719,0.9803749918937683
15,-1,1235.7451171875,946.9662475585938,1279.873779296875,959.9285278320312,0.37595170736312866
15,-1,1258.3009033203125,940.8655395507812,1279.8887939453125,959.8845825195312,0.2844240069389343
15,-1,1265.4324951171875,918.061279296875,1279.8980712890625,959.4122314453125,0.1686101108789444
15,-1,0.07756805419921875,196.9332275390625,82.05437469482422,327.36602783203125,0.10979779064655304
15,-1,1267.8636474609375,884.0851440429688,1279.9505615234375,958.9577026367188,0.06975750625133514
15,-1,1234.86962890625,918.3781127929688,1279.921630859375,959.6226196289062,0.05433087423443794
15,-1,1190.4315185546875,947.611328125,1273.6414794921875,960.0,0.054086048156023026
16,-1,817.0983276367188,253.92381286621094,949.9423217773438,383.51885986328125,0.9988623857498169
16,-1,651.9841918945312,585.7706298828125,759.1683959960938,720.7706298828125,0.9978491067886353
16,-1,681.6473388671875,434.7241516113281,793.291259765625,573.8212280273438,0.9978010058403015
16,-1,959.8055419921875,266.2393493652344,1035.8349609375,365.9118957519531,0.9964169263839722
16,-1,526.408203125,509.23046875,645.0921630859375,653.7474365234375,0.9956032037734985
16,-1,550.2227783203125,328.67230224609375,656.9095458984375,459.15008544921875,0.9953568577766418
16,-1,84.02796173095703,316.5614013671875,226.99032592773438,435.6806640625,0.9951156377792358
16,-1,233.87026977539062,293.28875732421875,351.7588806152344,390.3466796875,0.9950897693634033
16,-1,383.6917724609375,346.33184814453125,496.74945068359375,481.19207763671875,0.9946659803390503
16,-1,826.1976928710938,395.5997009277344,952.6835327148438,519.0591430664062,0.993363618850708
16,-1,218.57447814941406,386.37518310546875,359.9788818359375,482.38250732421875,0.9816224575042725
16,-1,1235.7095947265625,946.9808959960938,1279.8753662109375,959.9285278320312,0.37110888957977295
16,-1,1258.4014892578125,940.89501953125,1279.8880615234375,959.88525390625,0.27992329001426697
16,-1,1265.471435546875,918.181396484375,1279.896728515625,959.41943359375,0.17592982947826385
16,-1,0.12322616577148438,197.27081298828125,80.48297119140625,328.72967529296875,0.09346979111433029
16,-1,1267.8992919921875,884.0829467773438,1279.9486083984375,958.9730834960938,0.0746145248413086
16,-1,1234.8424072265625,918.3359985351562,1279.9173583984375,959.6282348632812,0.05478789657354355
16,-1,1190.3505859375,947.5738525390625,1273.755859375,960.0,0.053829748183488846
17,-1,817.3922729492188,254.55743408203125,949.7062377929688,383.32073974609375,0.9989035129547119
17,-1,652.103515625,586.0906372070312,759.2669677734375,720.7153930664062,0.997831404209137
17,-1,681.8051147460938,435.11871337890625,793.5546264648438,574.6715087890625,0.9978232383728027
17,-1,959.8414306640625,265.8591613769531,1035.5467529296875,366.0062561035156,0.9962426424026489
17,-1,526.5324096679688,509.0098571777344,645.0702514648438,654.204833984375,0.9954649806022644
17,-1,550.2028198242188,328.51495361328125,656.5921020507812,458.79034423828125,0.9953775405883789
17,-1,383.8214111328125,346.5444030761719,496.8206787109375,481.2867126464844,0.9946240782737732
17,-1,234.5955810546875,292.773193359375,351.84332275390625,390.53521728515625,0.9943274855613708
17,-1,83.09355163574219,317.5065002441406,226.9170684814453,435.6764831542969,0.9942874312400818
17,-1,826.19189453125,395.4940185546875,952.5616455078125,519.1726684570312,0.993282675743103
17,-1,218.47988891601562,386.5413513183594,360.2618713378906,483.0919494628906,0.9815230965614319
17,-1,1235.6827392578125,947.0453491210938,1279.8739013671875,959.9288940429688,0.34671393036842346
17,-1,1265.564453125,917.9956665039062,1279.896728515625,959.4116821289062,0.1694648563861847
17,-1,0.10706710815429688,197.01438903808594,79.89303588867188,327.86004638671875,0.08994977176189423
17,-1,1267.9810791015625,884.3070678710938,1279.9510498046875,958.9898071289062,0.07512841373682022
18,-1,817.3146362304688,254.76223754882812,949.6273803710938,383.5060729980469,0.9988945126533508
18,-1,681.5216064453125,434.9940185546875,793.116943359375,574.3010864257812,0.9978408813476562
18,-1,652.2095947265625,586.098876953125,759.4700927734375,720.6383056640625,0.9978193044662476
18,-1,959.9130859375,265.894287109375,1035.548828125,366.12799072265625,0.995978832244873
18,-1,526.1953735351562,509.2624816894531,645.2431030273438,653.5655517578125,0.9956499934196472
18,-1,550.1094360351562,328.5631408691406,656.5648803710938,458.6828308105469,0.995367169380188
18,-1,81.33426666259766,317.6925048828125,226.24169921875,434.84112548828125,0.9948890805244446
18,-1,383.44805908203125,346.3703918457031,497.06591796875,481.5120544433594,0.9947053790092468
18,-1,233.77268981933594,292.69818115234375,352.2752990722656,391.0640869140625,0.9942165613174438
18,-1,826.0964965820312,395.47772216796875,952.5507202148438,519.2916259765625,0.9931477904319763
18,-1,219.1421356201172,386.750244140625,360.46014404296875,482.62554931640625,0.9814901947975159
18,-1,1235.9822998046875,946.9984130859375,1279.8814697265625,959.92919921875,0.3322141468524933
18,-1,1258.54150390625,940.9258422851562,1279.884765625,959.8800659179688,0.2647766172885895
18,-1,1265.546630859375,918.117431640625,1279.896484375,959.41552734375,0.15983878076076508
18,-1,0.00290679931640625,196.53297424316406,81.06714630126953,328.85821533203125,0.10208753496408463
18,-1,1267.9884033203125,884.2218627929688,1279.9534912109375,958.9850463867188,0.06914810836315155
19,-1,817.229736328125,254.32321166992188,949.5867919921875,383.5789489746094,0.9988956451416016
19,-1,652.2591552734375,586.1102905273438,759.664794921875,720.7063598632812,0.9978625178337097
19,-1,681.896728515625,435.1873474121094,792.6031494140625,574.328125,0.9977431297302246
19,-1,959.7363891601562,265.9031982421875,1035.481689453125,366.20556640625,0.9958516359329224
19,-1,526.1285400390625,509.1885070800781,645.2149658203125,654.1167602539062,0.9954696893692017
19,-1,550.0038452148438,328.7233581542969,656.6967163085938,458.7062683105469,0.9952103495597839
19,-1,79.87397766113281,318.2729797363281,226.1351776123047,434.9754333496094,0.9948683977127075
19,-1,383.48199462890625,346.40374755859375,497.20684814453125,481.5255126953125,0.9948242902755737
19,-1,234.07998657226562,292.3658142089844,351.7492980957031,390.0592346191406,0.9939820170402527
19,-1,826.0004272460938,395.57989501953125,952.3085327148438,518.7635498046875,0.9931859970092773
19,-1,218.97149658203125,386.5106506347656,360.3204345703125,483.0093688964844,0.9827338457107544
19,-1,1235.6895751953125,947.05859375,1279.8817138671875,959.9312744140625,0.31742584705352783
19,-1,1265.4991455078125,918.0719604492188,1279.8951416015625,959.4157104492188,0.15808123350143433
19,-1,0.0,196.23985290527344,80.95941162109375,329.6151123046875,0.10312153398990631
19,-1,1267.9554443359375,884.1653442382812,1279.9530029296875,958.9767456054688,0.07039890438318253
20,-1,817.4671020507812,254.501220703125,949.6204223632812,383.3643798828125,0.9988806843757629
20,-1,651.9993286132812,586.0182495117188,759.4901733398438,720.6582641601562,0.9979041814804077
20,-1,681.7900390625,435.1633605957031,792.9942626953125,574.5032348632812,0.9978811144828796
20,-1,959.900146484375,266.1152648925781,1035.439453125,365.9923400878906,0.9958670139312744
20,-1,526.4273071289062,509.2354736328125,645.2362670898438,653.7906494140625,0.9956188797950745
20,-1,550.2167358398438,328.74786376953125,656.5158081054688,458.57513427734375,0.9951619505882263
20,-1,383.4212951660156,346.2402038574219,497.3432312011719,481.2141418457031,0.9949636459350586
20,-1,78.0587158203125,318.8216247558594,225.58447265625,434.9638977050781,0.9949373006820679
20,-1,826.0185546875,395.52197265625,951.947998046875,519.2225341796875,0.9942024350166321
20,-1,233.37548828125,291.9904479980469,351.486328125,389.6664123535156,0.9934911131858826
20,-1,218.7040557861328,386.3151550292969,360.09124755859375,482.9814758300781,0.9838201999664307
20,-1,1235.9149169921875,946.9811401367188,1279.8714599609375,959.9318237304688,0.3386934697628021
20,-1,1258.4605712890625,940.8438720703125,1279.8843994140625,959.885498046875,0.2638607919216156
20,-1,1265.471923828125,918.2999877929688,1279.8974609375,959.4298706054688,0.16044074296951294
20,-1,1267.9686279296875,884.1618041992188,1279.9542236328125,958.9860229492188,0.07176914066076279
20,-1,0.0,205.13108825683594,78.19706726074219,335.1212158203125,0.06237689405679703
21,-1,817.2691650390625,254.3997344970703,949.9794921875,383.24798583984375,0.9989142417907715
21,-1,651.9644775390625,585.8956909179688,759.5125732421875,720.7459106445312,0.9979043006896973
21,-1,681.9384765625,435.12548828125,792.462158203125,574.3870239257812,0.9979043006896973
21,-1,960.0396728515625,266.6318359375,1035.64453125,365.923828125,0.9960898160934448
21,-1,526.3761596679688,509.341552734375,645.1288452148438,653.85986328125,0.995539128780365
21,-1,550.2317504882812,328.536376953125,656.3574829101562,458.37689208984375,0.995101809501648
21,-1,77.01244354248047,319.6336975097656,225.38931274414062,435.2998352050781,0.995020866394043
21,-1,383.38427734375,346.3827819824219,497.39739990234375,481.2599792480469,0.9949707388877869
21,-1,825.9911499023438,395.58123779296875,951.8082885742188,518.7941284179688,0.9943295121192932
21,-1,232.65386962890625,291.9826965332031,351.06573486328125,389.7688903808594,0.9932467937469482
21,-1,218.169921875,386.2269592285156,360.2874755859375,483.6502380371094,0.984662652015686
21,-1,1235.8016357421875,947.017333984375,1279.8839111328125,959.9329833984375,0.32621920108795166
21,-1,1258.537109375,940.9281005859375,1279.88427734375,959.885009765625,0.2629105746746063
21,-1,1265.529541015625,918.1573486328125,1279.8974609375,959.4208984375,0.1599852293729782
21,-1,1267.9871826171875,883.9581298828125,1279.9539794921875,958.9871826171875,0.07741076499223709
21,-1,0.0,206.56826782226562,77.76605987548828,334.6313781738281,0.05040348693728447
22,-1,817.4606323242188,254.5038299560547,949.8627319335938,383.23638916015625,0.9989086389541626
22,-1,651.7755126953125,585.7662963867188,759.5750732421875,720.9697875976562,0.9979373216629028
22,-1,681.6965942382812,435.1139831542969,792.4674682617188,574.22412109375,0.9978240728378296
22,-1,960.004638671875,266.6612548828125,1035.484619140625,366.2198486328125,0.9959185719490051
22,-1,526.5460815429688,509.3464050292969,645.1614379882812,653.1854248046875,0.9954468607902527
22,-1,76.03256225585938,319.7939453125,225.29510498046875,435.8184814453125,0.9949759244918823
22,-1,383.328369140625,346.4007873535156,497.4007568359375,481.2063293457031,0.9949295520782471
22,-1,550.2838745117188,328.6492614746094,656.1803588867188,458.0328674316406,0.99491947889328
22,-1,825.9710083007812,395.5021667480469,951.8082885742188,519.381103515625,0.994541347026825
22,-1,232.69728088378906,292.145263671875,351.0069274902344,389.52728271484375,0.9923345446586609
22,-1,218.57080078125,386.3650207519531,360.24029541015625,484.0677795410156,0.9831153750419617
22,-1,1235.885009765625,946.983154296875,1279.875244140625,959.9296875,0.33066603541374207
22,-1,1258.4249267578125,940.8573608398438,1279.8873291015625,959.8829956054688,0.2641693651676178
22,-1,1265.4637451171875,918.1036987304688,1279.8968505859375,959.4133911132812,0.15693682432174683
22,-1,1267.928466796875,883.9013061523438,1279.95263671875,958.9789428710938,0.0711062029004097
22,-1,0.0,207.2443084716797,77.54147338867188,335.30938720703125,0.06538558006286621
23,-1,817.7835083007812,254.78587341308594,949.6803588867188,383.04058837890625,0.9989270567893982
23,-1,681.6953735351562,435.2059631347656,792.3013305664062,574.6405639648438,0.9979251623153687
23,-1,651.7180786132812,585.6818237304688,759.9147338867188,721.2182006835938,0.997902512550354
23,-1,960.0067749023438,266.739501953125,1035.4915771484375,366.20245361328125,0.9958599209785461
23,-1,75.03443908691406,320.2204284667969,224.34230041503906,437.3716735839844,0.9955090284347534
23,-1,526.1174926757812,509.174072265625,645.2216186523438,653.6666259765625,0.9953267574310303
23,-1,550.357177734375,328.824951171875,656.0550537109375,457.98956298828125,0.9950805902481079
23,-1,383.5218505859375,346.331298828125,497.2662353515625,481.2371826171875,0.9950384497642517
23,-1,826.3191528320312,395.65167236328125,951.2072143554688,518.7177124023438,0.9946284890174866
23,-1,233.31781005859375,292.0400085449219,351.019287109375,389.5342102050781,0.9925916194915771
23,-1,217.9866943359375,386.2068786621094,359.807373046875,484.1741027832031,0.9827242493629456
23,-1,1235.734130859375,947.0411376953125,1279.87939453125,959.930419921875,0.3183653950691223
23,-1,1258.466552734375,940.9102783203125,1279.8896484375,959.8828125,0.2518216669559479
23,-1,1265.534423828125,917.9328002929688,1279.896240234375,959.4055786132812,0.1510036587715149
23,-1,0.0,207.87559509277344,78.05764770507812,335.8576354980469,0.08418446779251099
23,-1,1267.95654296875,883.6029663085938,1279.953369140625,958.9772338867188,0.07106813043355942
24,-1,817.5411987304688,254.34866333007812,949.6609497070312,382.9736022949219,0.9989062547683716
24,-1,681.976806640625,435.311279296875,792.2012939453125,574.799072265625,0.997930645942688
24,-1,651.6357421875,585.9364624023438,759.6405029296875,720.8192749023438,0.9978735446929932
24,-1,959.9190063476562,266.7242431640625,1035.208984375,366.13348388671875,0.9959197044372559
24,-1,73.60752868652344,320.2862548828125,223.6728057861328,439.4288330078125,0.9958716034889221
24,-1,525.96533203125,509.1080017089844,645.152587890625,653.7965698242188,0.9953708052635193
24,-1,383.6018371582031,346.3165283203125,497.0528259277344,481.2218017578125,0.9951463341712952
24,-1,550.1276245117188,328.3847351074219,656.3663940429688,458.3357849121094,0.9948558807373047
24,-1,826.3641967773438,395.7201843261719,951.4091186523438,519.20556640625,0.9947475790977478
24,-1,232.6199493408203,292.1027526855469,350.64471435546875,388.3923034667969,0.993058443069458
24,-1,217.48939514160156,385.46722412109375,359.59881591796875,484.462646484375,0.9839308857917786
24,-1,1235.906494140625,947.02099609375,1279.87744140625,959.9312744140625,0.325030654668808
24,-1,1258.424072265625,940.9088745117188,1279.89013671875,959.8834838867188,0.24844592809677124
24,-1,1265.465576171875,917.97119140625,1279.8974609375,959.40576171875,0.14469629526138306
24,-1,0.0,208.7534637451172,77.95549774169922,334.6959228515625,0.07418639212846756
24,-1,1267.8814697265625,883.8107299804688,1279.9547119140625,958.9812622070312,0.06347302347421646
25,-1,817.551025390625,254.21946716308594,949.5859375,383.13818359375,0.9988864064216614
25,-1,681.7599487304688,435.5345458984375,791.9674682617188,574.8765869140625,0.9979639053344727
25,-1,651.8883666992188,586.0870971679688,759.6526489257812,720.6279907226562,0.9978654980659485
25,-1,959.8424072265625,266.9775390625,1035.3089599609375,366.2489013671875,0.9962196946144104
25,-1,71.59814453125,320.5700988769531,223.9095458984375,441.5763244628906,0.9955098628997803
25,-1,525.7598876953125,509.15960693359375,645.1708984375,654.6702270507812,0.9954095482826233
25,-1,383.6699523925781,346.1783447265625,497.1723937988281,481.6116943359375,0.9952191710472107
25,-1,550.0414428710938,328.5563659667969,656.3462524414062,458.3976135253906,0.9948634505271912
25,-1,826.4114379882812,395.6848449707031,951.3856811523438,518.9957275390625,0.9946687817573547
25,-1,232.23394775390625,292.1751403808594,351.0142822265625,387.4880065917969,0.992763102054596
25,-1,217.394287109375,384.63275146484375,359.91253662109375,484.99005126953125,0.9852277040481567
25,-1,1235.908935546875,946.9989624023438,1279.880615234375,959.9318237304688,0.3340262770652771
25,-1,1258.387939453125,940.935791015625,1279.888671875,959.8841552734375,0.2732744514942169
25,-1,1265.4376220703125,917.775390625,1279.8975830078125,959.401123046875,0.1577855795621872
25,-1,0.0,209.4897003173828,77.44100189208984,334.5528869628906,0.0680292621254921
25,-1,1267.784912109375,883.96044921875,1279.9521484375,958.96826171875,0.06785373389720917
26,-1,817.6364135742188,254.56729125976562,949.6947631835938,383.0202941894531,0.998842716217041
26,-1,681.6529541015625,435.59613037109375,792.0556640625,575.0419921875,0.9980345368385315
26,-1,651.7562255859375,586.0574951171875,759.9139404296875,720.83740234375,0.9979377388954163
26,-1,65.3447036743164,321.3394470214844,215.1654052734375,441.3795471191406,0.9963525533676147
26,-1,959.8970947265625,266.43365478515625,1035.3687744140625,366.1563720703125,0.9961345195770264
26,-1,525.5947875976562,509.31500244140625,645.1235961914062,654.1095581054688,0.9953906536102295
26,-1,383.70452880859375,345.9626159667969,497.46514892578125,481.6353454589844,0.9952225089073181
26,-1,549.8626708984375,328.4859619140625,656.5013427734375,458.6883544921875,0.9949666857719421
26,-1,826.2832641601562,395.5912780761719,951.2138061523438,518.8024291992188,0.9947482943534851
26,-1,232.22396850585938,291.99725341796875,351.3791198730469,387.93218994140625,0.9925367832183838
26,-1,217.2900848388672,384.5032653808594,360.0626220703125,485.2552185058594,0.9855360388755798
26,-1,1235.8267822265625,946.984619140625,1279.8853759765625,959.93115234375,0.33725598454475403
26,-1,1258.372802734375,940.9228515625,1279.896728515625,959.8782958984375,0.2756323516368866
26,-1,1265.51220703125,917.6334228515625,1279.901123046875,959.3912353515625,0.16274891793727875
26,-1,0.0,211.3416748046875,75.261962890625,334.9122314453125,0.11146225780248642
26,-1,1267.8270263671875,883.4876708984375,1279.9522705078125,958.990234375,0.07691670209169388
26,-1,1190.163330078125,947.6050415039062,1273.8671875,960.0,0.05246827006340027
27,-1,817.6018676757812,254.64462280273438,949.7780151367188,382.8562927246094,0.998818576335907
27,-1,682.1256103515625,435.37164306640625,791.958984375,575.00146484375,0.9979313611984253
27,-1,651.828125,586.1514892578125,759.968994140625,720.824951171875,0.9979307651519775
27,-1,959.8592529296875,266.4236755371094,1035.281982421875,366.0256042480469,0.9963037967681885
27,-1,64.85201263427734,322.3949279785156,215.06729125976562,442.8809509277344,0.9960673451423645
27,-1,525.83740234375,509.5414123535156,645.237060546875,654.2864379882812,0.9953905344009399
27,-1,383.835205078125,345.81005859375,497.49755859375,481.5401611328125,0.995198667049408
27,-1,826.265380859375,395.56744384765625,951.0574951171875,518.7657470703125,0.9948528409004211
27,-1,549.8347778320312,328.3510437011719,656.5436401367188,458.6141662597656,0.9946013689041138
27,-1,230.66510009765625,285.1942443847656,349.4359130859375,383.6131286621094,0.9871343970298767
27,-1,217.17599487304688,384.48370361328125,360.2636413574219,485.09698486328125,0.9857757687568665
27,-1,1236.0665283203125,946.9635009765625,1279.8897705078125,959.9332275390625,0.31066450476646423
27,-1,1258.402099609375,940.8954467773438,1279.893310546875,959.8818969726562,0.24577417969703674
27,-1,1265.4521484375,917.9089965820312,1279.89892578125,959.4004516601562,0.14301221072673798
27,-1,0.0,210.99392700195312,73.3896484375,335.8036804199219,0.12812533974647522
27,-1,1267.7508544921875,883.8765869140625,1279.9554443359375,958.972412109375,0.05981820076704025
28,-1,817.7109375,254.38958740234375,949.83642578125,382.8280029296875,0.9988147020339966
28,-1,651.6929931640625,586.1704711914062,760.0015869140625,720.8754272460938,0.9979516863822937
28,-1,682.0093383789062,434.97283935546875,792.2369995117188,574.8012084960938,0.9979425072669983
28,-1,959.68994140625,266.30078125,1035.5028076171875,366.28997802734375,0.9964672327041626
28,-1,525.58935546875,509.30108642578125,645.30517578125,654.5662231445312,0.9955219030380249
28,-1,63.944786071777344,323.3309020996094,215.44268798828125,443.6739196777344,0.9953120946884155
28,-1,384.1116943359375,345.87518310546875,497.3062744140625,481.76007080078125,0.9951582551002502
28,-1,826.5374755859375,395.8028869628906,950.92236328125,518.61328125,0.9950173497200012
28,-1,549.8817138671875,328.3436279296875,656.4893798828125,458.50067138671875,0.9942995309829712
28,-1,230.95245361328125,284.207275390625,348.64617919921875,382.8984375,0.9873213768005371
28,-1,217.79061889648438,384.6526794433594,360.5247497558594,485.1742248535156,0.9847384691238403
28,-1,1235.784912109375,946.9776000976562,1279.88037109375,959.9313354492188,0.3198532462120056
28,-1,1258.427734375,940.87841796875,1279.890625,959.88037109375,0.25452208518981934
28,-1,1265.5687255859375,918.0274047851562,1279.8970947265625,959.4021606445312,0.15231798589229584
28,-1,0.0,209.28143310546875,71.44082641601562,335.97540283203125,0.11753236502408981
28,-1,1267.89404296875,883.9366455078125,1279.952880859375,958.973388671875,0.06800375133752823
29,-1,817.8392333984375,254.99295043945312,949.6671142578125,382.5467224121094,0.9987823367118835
29,-1,681.9609375,435.2518005371094,792.3265380859375,574.4539794921875,0.9980636239051819
29,-1,651.7925415039062,586.1937255859375,760.1017456054688,720.845703125,0.9979283809661865
29,-1,959.61279296875,266.15625,1035.6240234375,366.04302978515625,0.9966296553611755
29,-1,525.6011352539062,509.5989074707031,645.1443481445312,654.6104125976562,0.9954173564910889
29,-1,383.9654235839844,345.8953857421875,497.1648864746094,481.59100341796875,0.9951987862586975
29,-1,826.46240234375,395.84979248046875,950.90966796875,518.6324462890625,0.9947454929351807
29,-1,63.718360900878906,324.4416198730469,215.21206665039062,444.7159118652344,0.9943969249725342
29,-1,550.0643920898438,328.4771728515625,656.5466918945312,458.374755859375,0.9943875670433044
29,-1,230.87789916992188,284.8941955566406,348.3968200683594,382.7192687988281,0.9876963496208191
29,-1,217.19024658203125,384.49176025390625,359.93603515625,485.32373046875,0.9848873019218445
29,-1,1235.5975341796875,947.0123901367188,1279.8724365234375,959.9308471679688,0.3314218521118164
29,-1,1265.5352783203125,918.0677490234375,1279.8970947265625,959.401123046875,0.16155226528644562
29,-1,0.0,209.58425903320312,70.85997772216797,334.9111022949219,0.0944683849811554
29,-1,1267.9217529296875,883.6426391601562,1279.9510498046875,958.9581909179688,0.07123742252588272
30,-1,817.5924072265625,254.870849609375,949.55859375,382.81494140625,0.9987810254096985
30,-1,682.0377807617188,436.15966796875,792.0116577148438,574.626708984375,0.9981065988540649
30,-1,651.8723754882812,586.2196044921875,759.8429565429688,720.5352783203125,0.997934103012085
30,-1,959.6427001953125,265.7544250488281,1035.5390625,366.0901184082031,0.9963600039482117
30,-1,384.1199035644531,345.9745788574219,497.2460021972656,481.6774597167969,0.9953096508979797
30,-1,525.9348754882812,509.6004943847656,645.0089721679688,654.2139892578125,0.9952384233474731
30,-1,826.447509765625,395.8391418457031,950.8814697265625,518.527099609375,0.9947687387466431
30,-1,550.2083740234375,328.78704833984375,656.241943359375,458.3616943359375,0.9944455027580261
30,-1,62.70848846435547,326.0686340332031,214.919921875,445.9098205566406,0.9936721324920654
30,-1,230.66062927246094,284.97998046875,348.4279479980469,382.12506103515625,0.9876515865325928
30,-1,217.0066375732422,384.31451416015625,359.8880615234375,485.404052734375,0.9848918914794922
30,-1,1235.7427978515625,947.001220703125,1279.8736572265625,959.9317626953125,0.3277277648448944
30,-1,1258.41064453125,940.8299560546875,1279.890625,959.8822021484375,0.2592419683933258
30,-1,1265.4801025390625,918.2249755859375,1279.8975830078125,959.4102783203125,0.1579035222530365
30,-1,0.9417495727539062,219.03457641601562,71.17982482910156,342.9825134277344,0.11862686276435852
30,-1,1267.8140869140625,883.9526977539062,1279.9520263671875,958.9777221679688,0.06386448442935944
31,-1,817.5682373046875,255.43968200683594,949.6439208984375,382.8462829589844,0.9988008737564087
31,-1,682.07275390625,436.2004089355469,791.6640625,574.4276123046875,0.9981048107147217
31,-1,652.0987548828125,586.1268920898438,759.8695068359375,720.5932006835938,0.9979338645935059
31,-1,959.6976928710938,265.89813232421875,1035.56396484375,365.793212890625,0.9964390397071838
31,-1,526.189453125,509.4041748046875,644.7548828125,654.5225830078125,0.9953538179397583
31,-1,384.53387451171875,345.88372802734375,497.43438720703125,481.52923583984375,0.9951884746551514
31,-1,550.1648559570312,328.4913635253906,656.0769653320312,458.3830871582031,0.9948658347129822
31,-1,826.421630859375,395.65673828125,950.970458984375,518.8599243164062,0.9946860074996948
31,-1,62.028282165527344,327.8703918457031,214.22579956054688,445.9490661621094,0.9914056062698364
31,-1,230.8678741455078,285.1020202636719,348.51983642578125,382.3405456542969,0.9874299168586731
31,-1,217.1658935546875,384.2509460449219,360.23944091796875,485.7590026855469,0.984670877456665
31,-1,1235.6737060546875,947.0159912109375,1279.8704833984375,959.92822265625,0.3570958077907562
31,-1,1258.4697265625,940.8683471679688,1279.88818359375,959.8772583007812,0.2912375032901764
31,-1,1265.520751953125,918.2672729492188,1279.894775390625,959.4097290039062,0.18197591602802277
31,-1,0.0,208.94561767578125,67.38810729980469,334.1783447265625,0.11951600760221481
31,-1,1267.92724609375,883.7113647460938,1279.949951171875,958.9639282226562,0.07888603210449219
31,-1,1234.8974609375,918.3555297851562,1279.91015625,959.6179809570312,0.05353754013776779
31,-1,1190.084228515625,947.581298828125,1274.21923828125,960.0,0.05026343837380409
32,-1,817.603271484375,255.13723754882812,949.630859375,382.6128234863281,0.9988222718238831
32,-1,682.2050170898438,436.1196594238281,792.0524291992188,574.4815673828125,0.9979416728019714
32,-1,651.9957275390625,586.0025024414062,760.0567626953125,720.8667602539062,0.9979222416877747
32,-1,959.6821899414062,266.260986328125,1035.569091796875,366.01654052734375,0.9966278672218323
32,-1,526.1182861328125,509.4145812988281,644.89794921875,654.5216674804688,0.9954036474227905
32,-1,384.7159423828125,345.777099609375,497.4140625,481.6273193359375,0.995259702205658
32,-1,550.1077270507812,328.4924621582031,656.3388061523438,458.6900329589844,0.9947303533554077
32,-1,826.5376586914062,395.6246032714844,950.9956665039062,518.7665405273438,0.9947119951248169
32,-1,231.6699676513672,292.314453125,351.3155212402344,387.21417236328125,0.9931634664535522
32,-1,61.69657897949219,329.6248779296875,214.9499969482422,446.8597412109375,0.990362286567688
32,-1,217.05886840820312,383.5343933105469,360.5844421386719,486.1239318847656,0.9850504398345947
32,-1,1235.6241455078125,947.033447265625,1279.8763427734375,959.93212890625,0.3242071270942688
32,-1,1265.589111328125,918.2159423828125,1279.89501953125,959.4129638671875,0.16690292954444885
32,-1,0.0,211.76156616210938,68.5208740234375,346.4578552246094,0.10328014940023422
32,-1,1267.9364013671875,883.7430419921875,1279.9527587890625,958.9805908203125,0.07480224221944809
33,-1,817.4319458007812,255.46932983398438,949.6172485351562,382.6398010253906,0.9987994432449341
33,-1,681.83349609375,435.849609375,791.6055908203125,574.9111938476562,0.9980510473251343
33,-1,652.0546875,586.0654296875,759.6865234375,720.63232421875,0.9979360103607178
33,-1,959.7757568359375,266.14874267578125,1035.62744140625,366.01409912109375,0.996453046798706
33,-1,526.5100708007812,509.6048889160156,644.8942260742188,653.8101196289062,0.9955665469169617
33,-1,384.8104248046875,345.8980712890625,497.4476318359375,481.86126708984375,0.9953044652938843
33,-1,550.133056640625,328.5538330078125,656.4375,458.91162109375,0.9948850274085999
33,-1,826.7539672851562,395.79693603515625,951.0679321289062,518.5316162109375,0.994862973690033
33,-1,230.3980712890625,292.4251708984375,351.67022705078125,387.18572998046875,0.9941022992134094
33,-1,61.09668731689453,331.1370849609375,214.84524536132812,447.21868896484375,0.9891564846038818
33,-1,216.99440002441406,383.3835144042969,360.7764892578125,486.2757263183594,0.9855554103851318
33,-1,1235.7347412109375,947.02392578125,1279.8775634765625,959.9310302734375,0.32658651471138
33,-1,0.0,213.03372192382812,68.08079528808594,345.8401794433594,0.180467426776886
33,-1,1265.5623779296875,918.2051391601562,1279.8958740234375,959.4149780273438,0.16578541696071625
33,-1,1267.906005859375,883.761474609375,1279.95361328125,958.9918212890625,0.07394926249980927
34,-1,817.5266723632812,255.26766967773438,949.6277465820312,382.7391052246094,0.9987493753433228
34,-1,681.8618774414062,436.0328063964844,791.6099243164062,574.7446899414062,0.9981514811515808
34,-1,652.052978515625,586.1358642578125,759.8128662109375,720.67236328125,0.9979181885719299
34,-1,959.8489379882812,266.3902587890625,1035.561279296875,365.9638671875,0.9963584542274475
34,-1,526.5460815429688,509.63433837890625,644.7366333007812,653.7976684570312,0.9955398440361023
34,-1,384.67364501953125,345.93865966796875,497.73577880859375,481.82232666015625,0.9952599406242371
34,-1,826.7822875976562,395.9684143066406,951.1506958007812,518.6046142578125,0.9949573874473572
34,-1,550.2427978515625,328.61492919921875,656.34326171875,458.55487060546875,0.9946686625480652
34,-1,230.0442352294922,292.32635498046875,352.0494384765625,387.7276611328125,0.9941052198410034
34,-1,61.0029296875,331.9821472167969,214.55154418945312,447.4905090332031,0.9883134365081787
34,-1,217.0677490234375,383.1534729003906,360.80810546875,486.7215881347656,0.9861885905265808
34,-1,1235.5941162109375,947.0592651367188,1279.8734130859375,959.9292602539062,0.3383343815803528
34,-1,0.0,214.5462646484375,67.10891723632812,345.54052734375,0.26972970366477966
34,-1,1265.53564453125,918.166748046875,1279.894287109375,959.408447265625,0.17058643698692322
34,-1,1267.9326171875,883.7361450195312,1279.94921875,958.9889526367188,0.07714616507291794
35,-1,817.4530639648438,255.11181640625,949.5410766601562,382.94476318359375,0.9987678527832031
35,-1,681.8192749023438,435.71478271484375,791.8073120117188,575.0101318359375,0.9981449842453003
35,-1,651.6480712890625,586.4274291992188,759.6680908203125,720.5156860351562,0.9979554414749146
35,-1,959.8414306640625,266.5229797363281,1035.63525390625,366.0396423339844,0.9965763688087463
35,-1,526.6131591796875,509.9356994628906,644.6275634765625,653.5328369140625,0.9954625964164734
35,-1,384.7578430175781,346.0992126464844,497.5792541503906,481.7126159667969,0.9954223036766052
35,-1,826.633056640625,395.9101257324219,951.2540283203125,518.4522094726562,0.9948098659515381
35,-1,550.3934326171875,328.7350158691406,656.1856689453125,458.3530578613281,0.9947559833526611
35,-1,228.02272033691406,292.22808837890625,351.92388916015625,389.07080078125,0.9946527481079102
35,-1,61.07090759277344,334.846923828125,213.04273986816406,446.989013671875,0.98739093542099
35,-1,217.5639190673828,383.78411865234375,360.69329833984375,485.87347412109375,0.9847503900527954
35,-1,1235.6038818359375,947.0642700195312,1279.8782958984375,959.9303588867188,0.3439285457134247
35,-1,1265.5438232421875,917.9866333007812,1279.8963623046875,959.4004516601562,0.16637922823429108
35,-1,0.0,218.0633087158203,63.75115203857422,338.81597900390625,0.1622706949710846
35,-1,1267.903076171875,883.6249389648438,1279.94970703125,958.9638061523438,0.07291395217180252
36,-1,817.4844360351562,255.13584899902344,949.4716186523438,382.96270751953125,0.9987357258796692
36,-1,681.912109375,435.9471130371094,791.671630859375,574.4354248046875,0.9981593489646912
36,-1,651.7447509765625,586.40869140625,759.73095703125,720.5355224609375,0.9979549646377563
36,-1,959.843994140625,265.7950439453125,1035.8118896484375,366.1529541015625,0.9962053894996643
36,-1,526.808349609375,510.0841979980469,644.78271484375,653.225830078125,0.9955620765686035
36,-1,384.8567199707031,345.99578857421875,497.3035583496094,481.51531982421875,0.9954061508178711
36,-1,826.69287109375,396.029296875,951.178955078125,518.2294311523438,0.9948768019676208
36,-1,550.4259033203125,328.89349365234375,656.0115966796875,458.018310546875,0.994659960269928
36,-1,227.63723754882812,292.16815185546875,352.2663269042969,389.0716552734375,0.9939637780189514
36,-1,59.242889404296875,336.0351867675781,212.66680908203125,447.1421203613281,0.9890483021736145
36,-1,220.85816955566406,377.63104248046875,360.57818603515625,474.28277587890625,0.97303706407547
36,-1,1235.65185546875,947.0419921875,1279.877685546875,959.9310302734375,0.3326282799243927
36,-1,1265.5404052734375,918.2130737304688,1279.8951416015625,959.4124145507812,0.15913230180740356
36,-1,0.1520252227783203,213.51129150390625,61.25968933105469,350.26800537109375,0.08465711027383804
36,-1,1267.8707275390625,883.8919067382812,1279.9505615234375,958.9955444335938,0.0691160336136818
37,-1,817.252197265625,254.85699462890625,949.409423828125,382.96685791015625,0.9987264275550842
37,-1,682.0714721679688,436.1796875,791.4467163085938,574.4191284179688,0.9982106685638428
37,-1,651.5905151367188,586.1708374023438,759.8229370117188,720.6411743164062,0.9978914856910706
37,-1,959.8052978515625,266.1571350097656,1036.0767822265625,366.2020568847656,0.9965059757232666
37,-1,527.1153564453125,510.2232666015625,644.66015625,653.287841796875,0.9955106973648071
37,-1,384.8915100097656,346.0628662109375,497.3585510253906,481.574462890625,0.9954668283462524
37,-1,550.2361450195312,328.7696533203125,656.2077026367188,458.43414306640625,0.9946793913841248
37,-1,826.5879516601562,395.9722900390625,951.3464965820312,518.4172973632812,0.9944803714752197
37,-1,227.0512237548828,291.9037780761719,352.42559814453125,389.9889221191406,0.9930288195610046
37,-1,58.44163513183594,335.44293212890625,214.07191467285156,448.41644287109375,0.9891583919525146
37,-1,220.85012817382812,376.7453918457031,361.1075134277344,474.2806701660156,0.9729817509651184
37,-1,1235.52685546875,947.0355834960938,1279.878173828125,959.9314575195312,0.3366343677043915
37,-1,1265.565673828125,918.1790771484375,1279.89501953125,959.4073486328125,0.16014491021633148
37,-1,1267.8905029296875,883.95947265625,1279.9512939453125,958.9774169921875,0.07378775626420975
37,-1,0.02895355224609375,215.94540405273438,62.3628044128418,353.8572692871094,0.06570446491241455
38,-1,817.5137939453125,255.00741577148438,949.5858154296875,383.1099548339844,0.9987240433692932
38,-1,681.8253784179688,436.07989501953125,791.0835571289062,574.4987182617188,0.9980869293212891
38,-1,651.8035888671875,586.2240600585938,759.82080078125,720.6085815429688,0.9978975057601929
38,-1,959.8256225585938,265.97821044921875,1035.7943115234375,366.019287109375,0.9963562488555908
38,-1,384.8932189941406,346.1505126953125,497.2627868652344,481.786865234375,0.9954653382301331
38,-1,527.1771850585938,510.0733947753906,644.5496215820312,653.4337158203125,0.9953886270523071
38,-1,550.0425415039062,328.5414733886719,656.2921752929688,458.7056579589844,0.9948151707649231
38,-1,826.2220458984375,395.830810546875,951.6734619140625,518.7576904296875,0.9944226145744324
38,-1,57.63957214355469,335.616455078125,211.9458770751953,448.546142578125,0.9913330674171448
38,-1,226.5465087890625,291.77081298828125,352.579833984375,389.74884033203125,0.9896740913391113
38,-1,220.335205078125,375.08294677734375,361.26873779296875,474.150146484375,0.9744955897331238
38,-1,1235.4288330078125,947.0433959960938,1279.8802490234375,959.9321899414062,0.35358521342277527
38,-1,1258.5118408203125,940.9481201171875,1279.8883056640625,959.8839111328125,0.2711034119129181
38,-1,1265.5977783203125,918.1719970703125,1279.8948974609375,959.4052734375,0.16166804730892181
38,-1,1267.99609375,884.0151977539062,1279.949951171875,958.9889526367188,0.0789564922451973
38,-1,223.4287109375,326.5074157714844,356.29217529296875,414.2914733886719,0.06893841922283173
38,-1,1234.8165283203125,918.1651611328125,1279.9193115234375,959.6337890625,0.052573688328266144
38,-1,1190.1051025390625,947.5385131835938,1274.0245361328125,960.0,0.05120879411697388
39,-1,817.468505859375,254.859130859375,949.790283203125,383.31219482421875,0.9987062215805054
39,-1,681.6419677734375,435.6646728515625,791.1080322265625,574.3318481445312,0.9979103207588196
39,-1,651.926513671875,586.2854614257812,759.72216796875,720.4201049804688,0.9979091286659241
39,-1,959.8780517578125,265.6211242675781,1035.7427978515625,365.8799743652344,0.9961899518966675
39,-1,527.2894897460938,510.1222839355469,644.4000854492188,653.498779296875,0.995549201965332
39,-1,384.5656433105469,346.0466613769531,497.5403137207031,481.7853088378906,0.9953247308731079
39,-1,549.8827514648438,328.0476989746094,656.4678344726562,458.8752136230469,0.994741678237915
39,-1,826.3538818359375,395.72357177734375,951.6895751953125,518.6331787109375,0.9941295385360718
39,-1,56.253021240234375,335.366455078125,210.61874389648438,448.57086181640625,0.9921265840530396
39,-1,225.6320037841797,291.65679931640625,351.8802795410156,390.02984619140625,0.9870785474777222
39,-1,219.60092163085938,373.830322265625,361.3382263183594,474.364501953125,0.9753977656364441
39,-1,1235.337890625,947.0452880859375,1279.876953125,959.9312744140625,0.35139110684394836
39,-1,1265.5640869140625,918.2007446289062,1279.8953857421875,959.4028930664062,0.16493451595306396
39,-1,1267.9481201171875,883.6952514648438,1279.9498291015625,958.9791870117188,0.07866500318050385
39,-1,222.83734130859375,341.8465270996094,357.20184326171875,427.1482238769531,0.0665513351559639
39,-1,237.2763214111328,360.9795227050781,356.29388427734375,405.5004577636719,0.05659528821706772
39,-1,1234.8043212890625,918.0418090820312,1279.9212646484375,959.6148071289062,0.050007302314043045
40,-1,817.3111572265625,254.58255004882812,950.590576171875,383.4731140136719,0.998763918876648
40,-1,681.7990112304688,435.6337585449219,791.3408813476562,573.9830932617188,0.9979420304298401
40,-1,651.989501953125,586.1971435546875,759.76904296875,720.6156005859375,0.9979057312011719
40,-1,960.007568359375,266.2998046875,1035.4246826171875,365.81170654296875,0.9960755705833435
40,-1,526.7356567382812,509.816162109375,644.6681518554688,653.9002685546875,0.995294988155365
40,-1,384.5294494628906,345.96026611328125,497.6062316894531,481.95660400390625,0.9952629804611206
40,-1,550.027099609375,328.1785583496094,656.295654296875,458.7925109863281,0.9946231842041016
40,-1,826.4229125976562,395.707763671875,952.1277465820312,518.9810180664062,0.9938018918037415
40,-1,56.115638732910156,335.16009521484375,207.53195190429688,449.1265869140625,0.9921159148216248
40,-1,225.58740234375,291.7443542480469,350.30535888671875,390.8606872558594,0.9865453839302063
40,-1,218.38619995117188,373.1299133300781,361.0187072753906,474.9939270019531,0.9778962135314941
40,-1,1235.462890625,947.050048828125,1279.88232421875,959.9307861328125,0.34206703305244446
40,-1,1265.5753173828125,918.0400390625,1279.8948974609375,959.398193359375,0.17516838014125824
40,-1,222.4635772705078,335.9309387207031,356.1982421875,423.0527648925781,0.08643205463886261
40,-1,1267.970703125,883.3800048828125,1279.948974609375,958.966796875,0.08607947826385498
40,-1,237.5681915283203,357.8185729980469,356.01422119140625,406.0737609863281,0.055626653134822845
40,-1,1234.7813720703125,918.0654296875,1279.9227294921875,959.6151123046875,0.05277742072939873
40,-1,1190.2314453125,947.5261840820312,1273.83349609375,960.0,0.05066891014575958
41,-1,817.31103515625,255.20745849609375,951.0142822265625,383.41302490234375,0.998706579208374
41,-1,651.7003784179688,586.1637573242188,759.6862182617188,720.6921997070312,0.9979802966117859
41,-1,681.6250610351562,435.6094665527344,791.2639770507812,573.7210693359375,0.9979477524757385
41,-1,960.044189453125,266.6561279296875,1035.390625,365.51251220703125,0.9962032437324524
41,-1,526.91357421875,509.83404541015625,644.6285400390625,653.8056030273438,0.9953855872154236
41,-1,384.2406005859375,346.157958984375,497.56707763671875,481.78631591796875,0.9951233267784119
41,-1,550.1098022460938,328.2624206542969,656.2129516601562,458.5602722167969,0.9947518706321716
41,-1,826.2042846679688,395.7965087890625,952.2704467773438,519.2034301757812,0.9939098358154297
41,-1,54.865135192871094,336.52337646484375,203.99148559570312,448.64276123046875,0.9926444292068481
41,-1,225.2918701171875,291.77459716796875,348.65472412109375,391.0355224609375,0.9868675470352173
41,-1,218.2603759765625,373.45379638671875,360.6993408203125,475.17529296875,0.9773629903793335
41,-1,1235.4715576171875,947.0517578125,1279.8792724609375,959.9312744140625,0.34356582164764404
41,-1,1265.6268310546875,918.0971069335938,1279.8975830078125,959.4004516601562,0.17003652453422546
41,-1,1268.0338134765625,883.4985961914062,1279.9500732421875,958.9757690429688,0.08045519888401031
41,-1,238.15261840820312,357.3055114746094,355.1669006347656,405.9685974121094,0.050858259201049805
42,-1,817.72265625,255.6248321533203,950.7750244140625,383.5942687988281,0.998598039150238
42,-1,681.6375732421875,435.5350341796875,791.3443603515625,573.86083984375,0.9979581832885742
42,-1,651.5127563476562,585.9966430664062,759.7073364257812,720.7470092773438,0.9979506134986877
42,-1,959.8289184570312,265.98876953125,1035.330078125,365.3935546875,0.9962958693504333
42,-1,526.7933959960938,509.7607421875,644.5202026367188,653.5238037109375,0.995359480381012
42,-1,549.953125,328.067626953125,656.3345947265625,458.77374267578125,0.994990885257721
42,-1,384.03948974609375,346.0921325683594,497.72479248046875,481.9333801269531,0.9949566721916199
42,-1,826.42041015625,395.98809814453125,952.0906982421875,519.1096801757812,0.9939502477645874
42,-1,54.39672088623047,338.1342468261719,200.7193603515625,448.3930969238281,0.9938409328460693
42,-1,223.92807006835938,291.46697998046875,348.8330383300781,390.554931640625,0.9856038093566895
42,-1,217.67864990234375,373.76708984375,360.437744140625,474.84967041015625,0.980355978012085
42,-1,1235.5958251953125,946.99267578125,1279.8790283203125,959.931396484375,0.34074509143829346
42,-1,1265.5772705078125,918.1062622070312,1279.8978271484375,959.4046020507812,0.1596955806016922
42,-1,1267.9832763671875,883.8705444335938,1279.9520263671875,958.9893188476562,0.07645750045776367
42,-1,221.73703002929688,334.1950988769531,355.0496520996094,422.4953918457031,0.07059423625469208
42,-1,237.1284942626953,360.2676086425781,354.96136474609375,407.6206970214844,0.05205520987510681
43,-1,817.6734619140625,255.09725952148438,950.37939453125,383.2024841308594,0.9986103773117065
43,-1,681.657958984375,435.30242919921875,791.322021484375,573.3060302734375,0.9979352951049805
43,-1,651.596923828125,585.8514404296875,759.88671875,720.7615966796875,0.9979037046432495
43,-1,959.76904296875,266.042724609375,1035.3641357421875,365.38671875,0.9962223768234253
43,-1,526.6946411132812,509.6935119628906,644.6386108398438,653.5802612304688,0.9954807758331299
43,-1,384.1392822265625,346.0708312988281,497.900390625,481.8406066894531,0.9949430823326111
43,-1,549.9539184570312,328.22991943359375,656.0910034179688,458.43939208984375,0.9948776960372925
43,-1,826.4185791015625,396.1050720214844,952.3653564453125,519.2031860351562,0.9940305352210999
43,-1,52.598785400390625,338.629638671875,198.25254821777344,447.93646240234375,0.9935065507888794
43,-1,222.56332397460938,291.68804931640625,349.5380554199219,391.12225341796875,0.9881700277328491
43,-1,217.27784729003906,375.05450439453125,359.87078857421875,474.9569091796875,0.9812977313995361
43,-1,1235.6387939453125,947.0137939453125,1279.8819580078125,959.9320068359375,0.3250877559185028
43,-1,1258.463134765625,940.9425048828125,1279.889892578125,959.8818359375,0.2623129189014435
43,-1,1265.5673828125,918.0601196289062,1279.896728515625,959.3995971679688,0.15792883932590485
43,-1,1267.9927978515625,884.0302124023438,1279.9517822265625,958.9874877929688,0.0772147849202156
44,-1,817.95361328125,255.5946044921875,950.16064453125,382.962890625,0.9986467957496643
44,-1,651.2302856445312,585.8651123046875,759.7986450195312,720.903564453125,0.9979512095451355
44,-1,681.3624877929688,435.0878601074219,791.3323364257812,573.3463745117188,0.9979236125946045
44,-1,959.878662109375,265.9905090332031,1035.5782470703125,365.2817077636719,0.9964281916618347
44,-1,526.4859008789062,509.5545654296875,644.6524047851562,653.726318359375,0.9954699277877808
44,-1,549.7286987304688,328.21173095703125,656.3060913085938,458.85009765625,0.9950087070465088
44,-1,383.406005859375,345.9527282714844,498.03790283203125,481.8395080566406,0.9949207901954651
44,-1,826.39697265625,395.9520568847656,952.259033203125,519.296630859375,0.9939965009689331
44,-1,51.257904052734375,338.43231201171875,196.0636749267578,448.4085693359375,0.9931172132492065
44,-1,221.47535705566406,291.7398681640625,350.2972412109375,390.97467041015625,0.9895087480545044
44,-1,217.619384765625,375.7497863769531,359.52410888671875,474.5326232910156,0.9813852310180664
44,-1,1235.5718994140625,947.0291748046875,1279.8763427734375,959.9298095703125,0.36792656779289246
44,-1,1258.380859375,940.9117431640625,1279.896484375,959.8779296875,0.28041937947273254
44,-1,1265.5828857421875,918.1519165039062,1279.8985595703125,959.3950805664062,0.1719234585762024
44,-1,1268.031494140625,883.7635498046875,1279.95068359375,958.9642333984375,0.08095090091228485
44,-1,1190.146240234375,947.511962890625,1273.9755859375,960.0,0.05202680081129074
44,-1,1234.8189697265625,918.115478515625,1279.9278564453125,959.611328125,0.05186206474900246
45,-1,817.9944458007812,255.32913208007812,950.4252319335938,382.5995178222656,0.9985162615776062
45,-1,681.56494140625,435.21417236328125,791.3599853515625,573.1160278320312,0.998011589050293
45,-1,651.2102661132812,585.8135986328125,759.8245239257812,721.070556640625,0.9979853630065918
45,-1,960.0138549804688,266.5198669433594,1035.6260986328125,365.5370178222656,0.9961207509040833
45,-1,526.7161254882812,509.7573547363281,644.7737426757812,653.2378540039062,0.9954572916030884
45,-1,549.8225708007812,328.38726806640625,656.0823364257812,458.52520751953125,0.9948817491531372
45,-1,383.119384765625,346.1596984863281,497.841552734375,480.9090881347656,0.9948716163635254
45,-1,826.4467163085938,395.78363037109375,952.4459838867188,519.5448608398438,0.9941040873527527
45,-1,48.63249206542969,337.3913879394531,194.26283264160156,448.1235046386719,0.9930866360664368
45,-1,218.28736877441406,293.3777160644531,349.92816162109375,392.1680603027344,0.9899281859397888
45,-1,216.87667846679688,377.87725830078125,359.2502746582031,474.55548095703125,0.9830971956253052
45,-1,1235.4154052734375,947.0628051757812,1279.8726806640625,959.9279174804688,0.37311604619026184
45,-1,1258.3702392578125,940.9593505859375,1279.8956298828125,959.88134765625,0.2817873954772949
45,-1,1265.5653076171875,917.9949951171875,1279.8980712890625,959.3916015625,0.17568235099315643
45,-1,1268.004150390625,883.575439453125,1279.94970703125,958.9697265625,0.08881045132875443
45,-1,1190.0986328125,947.4519653320312,1274.126220703125,960.0,0.05494873225688934
45,-1,1234.73046875,918.0635375976562,1279.927490234375,959.6105346679688,0.05238766968250275
45,-1,211.37472534179688,279.8961181640625,307.6802062988281,375.26141357421875,0.05110825598239899
46,-1,817.7607421875,255.51882934570312,950.413818359375,382.7504577636719,0.9984952211380005
46,-1,651.5714111328125,585.943359375,759.8302001953125,720.968505859375,0.9979852437973022
46,-1,681.89599609375,435.6679382324219,790.624267578125,572.9774169921875,0.9978554844856262
46,-1,959.7896118164062,266.6379089355469,1035.4637451171875,365.5116882324219,0.9962437152862549
46,-1,526.68310546875,509.8769836425781,644.6962890625,653.099365234375,0.9955500364303589
46,-1,549.6644897460938,328.531982421875,656.2860717773438,458.7371826171875,0.994983434677124
46,-1,383.1438293457031,346.0243835449219,497.9070129394531,481.3194274902344,0.9948633313179016
46,-1,826.4947509765625,395.9096374511719,952.697998046875,519.3370971679688,0.9942164421081543
46,-1,46.629554748535156,336.0706787109375,193.9097900390625,448.966064453125,0.9911422729492188
46,-1,216.3614959716797,293.3038635253906,349.364013671875,392.2374572753906,0.9889219999313354
46,-1,216.87767028808594,377.1524963378906,359.54803466796875,474.9454650878906,0.9859214425086975
46,-1,1235.5562744140625,947.0170288085938,1279.8717041015625,959.9277954101562,0.3712480664253235
46,-1,1258.290283203125,940.94775390625,1279.896484375,959.8819580078125,0.27626344561576843
46,-1,1265.510498046875,917.8802490234375,1279.898193359375,959.3983154296875,0.16913537681102753
46,-1,201.345703125,284.569580078125,301.2641906738281,374.37640380859375,0.06941604614257812
46,-1,1267.3082275390625,878.3544921875,1279.9498291015625,958.975830078125,0.0662166178226471
46,-1,201.19406127929688,331.210693359375,366.2375793457031,451.0291748046875,0.051902759820222855
46,-1,1190.1861572265625,947.5147094726562,1274.0167236328125,960.0,0.0516238808631897
46,-1,1234.802734375,918.0216674804688,1279.927734375,959.6098022460938,0.050688356161117554
47,-1,817.9694213867188,255.6559295654297,950.4212036132812,383.00579833984375,0.998481810092926
47,-1,651.5302124023438,585.8240966796875,759.7406616210938,720.96142578125,0.9979463219642639
47,-1,682.1157836914062,436.17376708984375,790.5626831054688,572.9994506835938,0.9978610873222351
47,-1,959.4342041015625,266.7204895019531,1034.9193115234375,365.5541687011719,0.9962366223335266
47,-1,526.671630859375,509.810302734375,644.865234375,653.3365478515625,0.9953265190124512
47,-1,382.823486328125,345.9905700683594,497.8577880859375,481.5297546386719,0.9950313568115234
47,-1,549.7549438476562,328.4164123535156,656.2940063476562,458.8409729003906,0.9948480129241943
47,-1,826.5468139648438,396.1413269042969,952.6354370117188,519.5094604492188,0.9943186640739441
47,-1,214.40567016601562,292.1576843261719,349.8734436035156,392.2143859863281,0.9912464022636414
47,-1,44.3580322265625,334.62921142578125,193.8184814453125,449.31549072265625,0.9905143976211548
47,-1,216.58126831054688,376.71697998046875,358.5018615722656,475.10186767578125,0.9875210523605347
47,-1,1235.482666015625,947.031494140625,1279.8701171875,959.9278564453125,0.35237962007522583
47,-1,1258.3201904296875,940.9639282226562,1279.8939208984375,959.8861694335938,0.2620120346546173
47,-1,1265.5191650390625,917.9456787109375,1279.8973388671875,959.4012451171875,0.16296102106571198
47,-1,203.35231018066406,325.7933044433594,352.3291015625,451.1382141113281,0.0870962142944336
47,-1,1267.92333984375,883.6693725585938,1279.95068359375,958.9893188476562,0.07431316375732422
47,-1,199.927734375,283.8603515625,306.4085388183594,374.7080078125,0.05247613042593002
47,-1,1189.887451171875,947.496337890625,1274.317138671875,960.0,0.05043741688132286
48,-1,818.2077026367188,255.21495056152344,950.4974975585938,383.00946044921875,0.9984336495399475
48,-1,651.2535400390625,585.6575927734375,759.7835693359375,721.3182373046875,0.9980029463768005
48,-1,681.8932495117188,435.919677734375,790.5529174804688,573.1295166015625,0.9979190230369568
48,-1,959.5731811523438,267.302734375,1034.9344482421875,365.4835205078125,0.9965349435806274
48,-1,526.58154296875,509.6561279296875,644.8359375,653.6798095703125,0.9953497052192688
48,-1,383.3817138671875,345.8079833984375,497.9002685546875,482.00518798828125,0.9950445890426636
48,-1,549.7807006835938,328.2642822265625,656.4166870117188,458.68896484375,0.9949445128440857
48,-1,826.5087890625,396.36907958984375,952.7061767578125,519.294189453125,0.9943435192108154
48,-1,42.48065185546875,334.541015625,193.87469482421875,447.89544677734375,0.9890328645706177
48,-1,217.2198486328125,376.6486511230469,358.8720703125,475.4863586425781,0.9864067435264587
48,-1,211.0856475830078,291.9314270019531,350.572265625,393.0452575683594,0.985773503780365
48,-1,1235.6435546875,947.0286865234375,1279.87158203125,959.925537109375,0.36332911252975464
48,-1,1258.304931640625,940.955078125,1279.8974609375,959.8819580078125,0.27245643734931946
48,-1,1265.5272216796875,917.9568481445312,1279.8978271484375,959.3967895507812,0.16513007879257202
48,-1,202.72247314453125,281.50140380859375,300.2080078125,373.8148193359375,0.07486341893672943
48,-1,1267.94140625,883.5841064453125,1279.951171875,958.962890625,0.07364646345376968
48,-1,202.32843017578125,326.63653564453125,352.52947998046875,448.1375732421875,0.07191834598779678
48,-1,1190.390625,947.6182250976562,1273.984619140625,960.0,0.05339066684246063
48,-1,1234.8204345703125,918.1974487304688,1279.9290771484375,959.6082153320312,0.050096724182367325
49,-1,816.8565673828125,253.89291381835938,950.7760009765625,383.8340148925781,0.9984554052352905
49,-1,651.246826171875,586.000244140625,759.9334716796875,720.8310546875,0.9978825449943542
49,-1,682.8881225585938,436.5265808105469,790.1851196289062,572.8719482421875,0.9977807402610779
49,-1,959.3411254882812,265.8458251953125,1035.2564697265625,365.89459228515625,0.9963849782943726
49,-1,526.587890625,510.308349609375,644.632080078125,653.55615234375,0.9953811168670654
49,-1,382.9398193359375,345.65936279296875,497.8255615234375,482.35748291015625,0.9948529601097107
49,-1,826.7080078125,396.8232727050781,952.378173828125,518.5189819335938,0.9948210716247559
49,-1,549.5833740234375,328.2817687988281,656.7578125,459.3030700683594,0.9947916269302368
49,-1,39.91587829589844,333.0791320800781,194.26551818847656,447.2751770019531,0.9870657920837402
49,-1,217.228515625,377.38409423828125,357.12060546875,475.71435546875,0.9864621758460999
49,-1,210.63766479492188,291.41796875,351.8606872558594,394.34130859375,0.9750601053237915
49,-1,1235.7777099609375,946.9932861328125,1279.8634033203125,959.9234619140625,0.34184184670448303
49,-1,1258.43603515625,940.886474609375,1279.892822265625,959.8809814453125,0.269581139087677
49,-1,1265.5245361328125,918.2227783203125,1279.8963623046875,959.406494140625,0.16849659383296967
49,-1,200.8975830078125,281.310791015625,303.8459167480469,373.61419677734375,0.12569975852966309
49,-1,1267.8885498046875,883.439208984375,1279.9481201171875,958.96337890625,0.07642798125743866
49,-1,202.225341796875,333.26904296875,352.326171875,457.0064697265625,0.06625110656023026
49,-1,1234.93115234375,918.4483642578125,1279.911376953125,959.616455078125,0.05602158606052399
50,-1,817.0956420898438,254.03390502929688,950.7730102539062,383.8580627441406,0.9983736276626587
50,-1,651.6370849609375,586.279052734375,759.645751953125,720.6033935546875,0.9979152083396912
50,-1,682.389404296875,435.76898193359375,789.65771484375,572.7869873046875,0.9976028800010681
50,-1,959.3661499023438,265.9087219238281,1035.33447265625,366.0950622558594,0.9964964985847473
50,-1,526.321044921875,510.0249938964844,644.9144287109375,654.1046752929688,0.9954413175582886
50,-1,549.7299194335938,327.99737548828125,656.5076293945312,459.35968017578125,0.99497389793396
50,-1,382.85076904296875,345.4773864746094,498.25799560546875,482.4878234863281,0.9948773980140686
50,-1,826.4490966796875,396.6885070800781,952.9249267578125,519.1900634765625,0.9945099353790283
50,-1,216.7501220703125,378.228759765625,356.97802734375,475.8314208984375,0.9861866235733032
50,-1,38.800628662109375,332.7716979980469,194.4363555908203,446.4949035644531,0.9844726920127869
50,-1,209.78524780273438,291.1846923828125,351.5245666503906,394.70013427734375,0.9795393943786621
50,-1,1235.83642578125,947.0032348632812,1279.875,959.9303588867188,0.32732534408569336
50,-1,1265.5360107421875,918.1953125,1279.8946533203125,959.408935546875,0.15751013159751892
50,-1,199.57693481445312,320.66290283203125,351.2434997558594,440.79150390625,0.08991272747516632
50,-1,1267.9149169921875,883.7993774414062,1279.9510498046875,958.9894409179688,0.07754357159137726
50,-1,192.88058471679688,278.0216064453125,289.91015625,367.36474609375,0.05178793519735336
50,-1,1234.9794921875,918.383056640625,1279.90625,959.6192626953125,0.05083966255187988
51,-1,817.3917236328125,254.45123291015625,950.2762451171875,384.01507568359375,0.9982547163963318
51,-1,651.5485229492188,586.15625,759.4918823242188,720.532470703125,0.9979488253593445
51,-1,682.2669677734375,436.1004638671875,789.54052734375,572.91650390625,0.9976240992546082
51,-1,959.2241821289062,265.677734375,1035.6258544921875,366.24462890625,0.9964589476585388
51,-1,526.13232421875,509.89923095703125,645.0982666015625,654.2260131835938,0.9951962828636169
51,-1,549.4679565429688,327.7240295410156,656.8860473632812,459.2491149902344,0.9949063062667847
51,-1,382.8554382324219,345.4107666015625,498.1803283691406,482.524658203125,0.9948402047157288
51,-1,826.487548828125,396.9361877441406,952.5345458984375,518.8922119140625,0.9944540858268738
51,-1,215.94119262695312,377.27288818359375,356.8774108886719,475.56695556640625,0.987794041633606
51,-1,207.54393005371094,290.8101806640625,350.68902587890625,392.7109375,0.9860630631446838
51,-1,37.293731689453125,332.01513671875,194.052978515625,446.2327880859375,0.9837437272071838
51,-1,1235.5927734375,947.0518798828125,1279.87548828125,959.927490234375,0.33639001846313477
51,-1,1265.629638671875,918.1437377929688,1279.897216796875,959.4085083007812,0.1639273464679718
51,-1,1267.9300537109375,883.6593627929688,1279.9517822265625,958.9905395507812,0.08075221627950668
51,-1,219.79388427734375,345.2504577636719,348.56298828125,437.2148132324219,0.06342814862728119
52,-1,817.4603271484375,255.31390380859375,949.75,384.0086669921875,0.9982184767723083
52,-1,651.533203125,585.97314453125,759.572509765625,720.7135009765625,0.9979186654090881
52,-1,682.0465087890625,435.961669921875,789.3699951171875,573.1259765625,0.9974913597106934
52,-1,958.7927856445312,265.38275146484375,1035.3179931640625,366.34307861328125,0.9964864253997803
52,-1,525.786376953125,509.8328857421875,645.086669921875,654.405517578125,0.9952688813209534
52,-1,382.5888671875,345.3194580078125,498.0372314453125,482.55474853515625,0.9950182437896729
52,-1,549.4978637695312,327.6690368652344,656.7780151367188,459.1678771972656,0.9948543906211853
52,-1,826.602294921875,396.60400390625,952.56884765625,519.2021484375,0.9943086504936218
52,-1,193.88458251953125,282.7229309082031,339.68408203125,382.3089904785156,0.9913500547409058
52,-1,214.92083740234375,375.57305908203125,356.17108154296875,475.84783935546875,0.9881495237350464
52,-1,28.16143035888672,330.6343994140625,186.92904663085938,443.24969482421875,0.9824647307395935
52,-1,1235.7225341796875,947.0476684570312,1279.8709716796875,959.9235229492188,0.35141292214393616
52,-1,1258.40576171875,940.952392578125,1279.8955078125,959.8812255859375,0.27311602234840393
52,-1,1265.5745849609375,918.22705078125,1279.8968505859375,959.408447265625,0.17458517849445343
52,-1,194.46778869628906,320.5016784667969,351.1964111328125,435.2218322753906,0.08699981123209
52,-1,1267.8978271484375,883.44677734375,1279.9510498046875,958.9835205078125,0.08627555519342422
52,-1,1190.17578125,947.5728759765625,1274.11669921875,960.0,0.052395742386579514
52,-1,1234.81982421875,918.37744140625,1279.9130859375,959.6353759765625,0.051761943846940994
53,-1,817.8179931640625,255.55435180664062,949.57080078125,384.0306091308594,0.998189389705658
53,-1,651.4803466796875,585.8849487304688,759.262451171875,720.6987915039062,0.997855007648468
53,-1,681.957275390625,435.945068359375,789.7601318359375,573.298583984375,0.9975950121879578
53,-1,957.5221557617188,261.83953857421875,1038.7540283203125,374.25286865234375,0.9969737529754639
53,-1,526.3524169921875,509.8409118652344,644.88134765625,653.0609130859375,0.9955337047576904
53,-1,383.4039001464844,345.22674560546875,497.8707580566406,482.3529052734375,0.9952087998390198
53,-1,549.6596069335938,327.7769775390625,656.5791625976562,459.023681640625,0.9949186444282532
53,-1,826.5468139648438,396.9295959472656,952.4397583007812,518.9378051757812,0.9943888783454895
53,-1,192.38021850585938,281.81396484375,341.1093444824219,382.60888671875,0.9931036829948425
53,-1,214.28521728515625,374.79132080078125,356.88623046875,475.911376953125,0.9876577854156494
53,-1,28.422157287597656,330.4393005371094,185.99734497070312,441.0220031738281,0.979971170425415
53,-1,1235.6134033203125,947.0244750976562,1279.8741455078125,959.9265747070312,0.32999396324157715
53,-1,1258.444580078125,940.9259643554688,1279.891357421875,959.8817749023438,0.2660347819328308
53,-1,1265.5970458984375,918.2134399414062,1279.8961181640625,959.4055786132812,0.16766758263111115
53,-1,192.78427124023438,316.4134521484375,351.6011047363281,430.58575439453125,0.10897620022296906
53,-1,1267.9478759765625,883.4708862304688,1279.9503173828125,958.9539184570312,0.07737061381340027
53,-1,1190.322998046875,947.6968383789062,1273.9521484375,960.0,0.051126882433891296
54,-1,817.6837158203125,255.67625427246094,949.4503173828125,384.21099853515625,0.9981721639633179
54,-1,651.3390502929688,585.8499755859375,759.3843383789062,720.7950439453125,0.9978653788566589
54,-1,681.7754516601562,435.9639587402344,790.1145629882812,573.1644287109375,0.9975487589836121
54,-1,959.1088256835938,265.77362060546875,1035.412353515625,366.35516357421875,0.9966993927955627
54,-1,526.5737915039062,509.76153564453125,644.8706665039062,653.1552124023438,0.9954670667648315
54,-1,383.15228271484375,344.9832458496094,498.26849365234375,482.5836486816406,0.9952227473258972
54,-1,549.5120849609375,327.84320068359375,656.6981201171875,459.129150390625,0.9949465394020081
54,-1,826.3486938476562,396.7153625488281,952.5996704101562,519.2969970703125,0.9939731955528259
54,-1,189.439453125,277.9606018066406,341.81011962890625,383.5177307128906,0.9933868050575256
54,-1,19.6971435546875,335.4402160644531,191.27130126953125,432.4204406738281,0.9898103475570679
54,-1,214.0213623046875,374.64105224609375,356.1873779296875,475.4345703125,0.9874576926231384
54,-1,1235.6065673828125,947.0579833984375,1279.8712158203125,959.92578125,0.34269195795059204
54,-1,1258.4029541015625,940.96630859375,1279.8929443359375,959.8836669921875,0.26546019315719604
54,-1,1265.5262451171875,918.14404296875,1279.8963623046875,959.4041748046875,0.16844452917575836
54,-1,190.80755615234375,310.6292419433594,350.98675537109375,423.4790344238281,0.10741457343101501
54,-1,1267.831787109375,883.65478515625,1279.9501953125,958.9468994140625,0.07047230005264282
54,-1,1190.3096923828125,947.62353515625,1273.8856201171875,960.0,0.050101976841688156
55,-1,817.8514404296875,255.40667724609375,949.352783203125,384.14935302734375,0.99822598695755
55,-1,651.0977783203125,585.9042358398438,759.260009765625,720.8511352539062,0.9979290962219238
55,-1,681.4813842773438,436.0952453613281,789.7908325195312,573.2623291015625,0.9975321292877197
55,-1,959.208251953125,265.7795715332031,1035.4234619140625,366.5077209472656,0.9965935349464417
55,-1,526.7162475585938,510.01849365234375,644.7619018554688,653.1598510742188,0.9953171014785767
55,-1,549.558837890625,328.078369140625,656.63330078125,459.22772216796875,0.9951364398002625
55,-1,383.832763671875,345.43035888671875,498.419677734375,482.411376953125,0.9948723912239075
55,-1,826.420166015625,396.77874755859375,952.6207275390625,519.1690673828125,0.9940997362136841
55,-1,186.06045532226562,275.9250183105469,340.8841857910156,382.6878356933594,0.9915477633476257
55,-1,213.9327392578125,374.68768310546875,354.99517822265625,475.27020263671875,0.9862710237503052
55,-1,26.465171813964844,328.57037353515625,185.49810791015625,436.49029541015625,0.9802128672599792
55,-1,1235.6019287109375,947.0186767578125,1279.8785400390625,959.92822265625,0.33324146270751953
55,-1,1265.50537109375,918.2243041992188,1279.895263671875,959.4127807617188,0.15768133103847504
55,-1,188.90951538085938,309.23577880859375,350.0287170410156,421.33990478515625,0.08712640404701233
55,-1,1267.9246826171875,883.6135864257812,1279.9508056640625,958.9607543945312,0.0729290172457695
56,-1,818.3887939453125,256.05926513671875,948.993896484375,384.0633544921875,0.9982239603996277
56,-1,652.6710815429688,592.4324951171875,759.8577270507812,728.148193359375,0.9979966282844543
56,-1,681.1445922851562,435.8738708496094,790.1542358398438,573.7327880859375,0.9976121187210083
56,-1,959.1486206054688,265.966064453125,1035.2178955078125,366.45672607421875,0.9962395429611206
56,-1,526.514404296875,509.86114501953125,644.9267578125,653.4260864257812,0.9954038858413696
56,-1,549.7532958984375,328.1105651855469,656.5914306640625,459.3448181152344,0.9950450658798218
56,-1,383.89276123046875,345.2522277832031,498.30780029296875,482.3395690917969,0.9949140548706055
56,-1,826.4083862304688,396.67962646484375,952.8158569335938,519.4330444335938,0.9943654537200928
56,-1,183.373046875,276.4281311035156,341.91436767578125,382.8123474121094,0.9907585382461548
56,-1,211.84625244140625,373.8127746582031,354.3746337890625,475.5155334472656,0.9844018816947937
56,-1,27.401809692382812,327.57080078125,184.1254425048828,435.61029052734375,0.9834215044975281
56,-1,1235.7099609375,946.9984130859375,1279.87060546875,959.92822265625,0.34502264857292175
56,-1,1258.5029296875,940.9287719726562,1279.886474609375,959.8812866210938,0.263130247592926
56,-1,1265.5498046875,918.3360595703125,1279.89501953125,959.4188232421875,0.16294743120670319
56,-1,187.7681427001953,316.61199951171875,350.70880126953125,429.50030517578125,0.08281664550304413
56,-1,1267.9217529296875,883.9293823242188,1279.9515380859375,958.9769897460938,0.0712277814745903
57,-1,818.1744384765625,255.9903564453125,948.6531982421875,384.16033935546875,0.998214602470398
57,-1,652.4751586914062,592.4426879882812,760.0178833007812,728.4032592773438,0.9980231523513794
57,-1,681.3939208984375,436.24261474609375,790.2633056640625,573.7103271484375,0.997665286064148
57,-1,959.3894653320312,265.1838684082031,1034.830322265625,365.8171691894531,0.9955815672874451
57,-1,527.000732421875,510.0697021484375,644.6151123046875,653.786865234375,0.9952859282493591
57,-1,549.621337890625,328.2635192871094,656.503662109375,459.4505310058594,0.9949796795845032
57,-1,383.8145446777344,344.98614501953125,498.3105773925781,482.23822021484375,0.9949591159820557
57,-1,826.4871826171875,396.7230224609375,952.97216796875,519.5650024414062,0.9944763779640198
57,-1,181.80479431152344,276.88909912109375,337.6622314453125,382.18115234375,0.9910683631896973
57,-1,210.01809692382812,373.0251770019531,354.1768493652344,476.5342102050781,0.9852395057678223
57,-1,26.60980224609375,326.76593017578125,183.44664001464844,433.598876953125,0.9840324521064758
57,-1,1235.790771484375,946.9647827148438,1279.873046875,959.9276733398438,0.34668219089508057
57,-1,1258.522216796875,940.9181518554688,1279.887939453125,959.8806762695312,0.2731653153896332
57,-1,1265.52587890625,918.340087890625,1279.896484375,959.4144287109375,0.1697607785463333
57,-1,1267.8492431640625,883.7454833984375,1279.9512939453125,958.9698486328125,0.07099183648824692
57,-1,187.79678344726562,326.1494445800781,351.1071472167969,439.4741516113281,0.06051312014460564
58,-1,817.850830078125,255.71542358398438,948.58447265625,384.5634460449219,0.9982315897941589
58,-1,652.6211547851562,592.4935302734375,760.0297241210938,728.2103271484375,0.9980002045631409
58,-1,681.3845825195312,436.21734619140625,790.6895141601562,573.7840576171875,0.9977717995643616
58,-1,959.1312255859375,265.7831115722656,1034.938720703125,365.9093322753906,0.9955315589904785
58,-1,526.8408203125,509.7435607910156,644.575439453125,653.4429931640625,0.9955262541770935
58,-1,549.66845703125,328.14495849609375,656.37109375,459.20306396484375,0.9951115250587463
58,-1,383.7112121582031,345.0400085449219,498.6487731933594,482.3136291503906,0.9946736693382263
58,-1,826.5023193359375,396.9136657714844,953.2396240234375,519.3209838867188,0.9944029450416565
58,-1,181.1309356689453,276.4648742675781,336.02642822265625,382.1839904785156,0.991094708442688
58,-1,207.22665405273438,371.8430480957031,355.6886291503906,476.8808898925781,0.985299825668335
58,-1,24.804534912109375,325.7314147949219,183.13531494140625,432.4214782714844,0.983100175857544
58,-1,1235.58837890625,946.9994506835938,1279.870849609375,959.9249877929688,0.3504944145679474
58,-1,1258.451904296875,940.9788818359375,1279.891357421875,959.88134765625,0.26878052949905396
58,-1,1265.5677490234375,918.1439208984375,1279.8973388671875,959.3929443359375,0.16816094517707825
58,-1,1267.8885498046875,883.7061157226562,1279.9522705078125,958.9736938476562,0.07129856944084167
58,-1,1190.416015625,947.5503540039062,1273.989990234375,960.0,0.05375015735626221
58,-1,187.86972045898438,334.66168212890625,352.3597106933594,446.41827392578125,0.05050560459494591
59,-1,818.1151733398438,256.14105224609375,948.4832153320312,384.61614990234375,0.9982341527938843
59,-1,652.7273559570312,592.5517578125,759.7119750976562,728.1827392578125,0.9979923963546753
59,-1,680.9603881835938,436.35357666015625,790.7582397460938,573.5743408203125,0.9977923631668091
59,-1,526.4556884765625,509.7667236328125,644.857421875,653.386474609375,0.9955536723136902
59,-1,549.6943359375,328.4186706542969,656.38818359375,458.8380432128906,0.9955043196678162
59,-1,959.2384033203125,265.9186706542969,1034.65771484375,365.9053039550781,0.9951350092887878
59,-1,826.5079956054688,397.0738525390625,953.3048706054688,519.3683471679688,0.994831383228302
59,-1,383.8323974609375,344.5941467285156,498.8948974609375,482.6354064941406,0.9946910738945007
59,-1,179.56695556640625,275.9567565917969,333.35113525390625,383.2261657714844,0.9882014393806458
59,-1,24.96515655517578,325.446044921875,180.86651611328125,430.9945068359375,0.9837227463722229
59,-1,205.828125,370.7388916015625,355.85626220703125,477.3843994140625,0.9830265641212463
59,-1,1235.558837890625,947.0523681640625,1279.867919921875,959.9248046875,0.35823798179626465
59,-1,1258.5272216796875,940.9627075195312,1279.8858642578125,959.8807983398438,0.2689844071865082
59,-1,1265.568603515625,918.154052734375,1279.896728515625,959.397705078125,0.16893376410007477
59,-1,1267.9552001953125,883.7003784179688,1279.9537353515625,958.9628295898438,0.0714324489235878
59,-1,1190.345458984375,947.4605102539062,1273.946533203125,960.0,0.053931333124637604
59,-1,1234.759033203125,918.1654052734375,1279.916015625,959.620361328125,0.05037122219800949
60,-1,818.0912475585938,255.9241943359375,948.5487670898438,384.91265869140625,0.9982302784919739
60,-1,652.7891845703125,592.8516235351562,759.739501953125,727.7688598632812,0.9980506896972656
60,-1,681.365966796875,436.6923828125,790.535888671875,573.945068359375,0.9977895021438599
60,-1,526.1624145507812,509.61834716796875,644.9744262695312,654.0463256835938,0.9955145716667175
60,-1,549.8499145507812,328.3703918457031,656.2622680664062,459.0450744628906,0.9954946041107178
60,-1,959.0684204101562,265.8808288574219,1034.6593017578125,366.1548156738281,0.9952167272567749
60,-1,826.443115234375,396.98419189453125,953.1573486328125,519.0054321289062,0.9945889711380005
60,-1,384.0869140625,344.8782653808594,498.9512939453125,482.2505798339844,0.9944536089897156
60,-1,172.04312133789062,285.2195739746094,318.8911437988281,386.5921936035156,0.9869208335876465
60,-1,26.36498260498047,325.0763244628906,180.32891845703125,429.6590270996094,0.9851775169372559
60,-1,204.503662109375,369.6875,354.924560546875,477.4649658203125,0.9839649200439453
60,-1,1235.6845703125,946.9768676757812,1279.87255859375,959.9282836914062,0.31472107768058777
60,-1,1258.4869384765625,940.9285888671875,1279.8948974609375,959.8798828125,0.24951787292957306
60,-1,1265.619384765625,918.2992553710938,1279.89697265625,959.4020385742188,0.1579160839319229
60,-1,1267.9913330078125,883.4920654296875,1279.9539794921875,958.9798583984375,0.06882878392934799
61,-1,817.9228515625,255.6136016845703,948.7501220703125,385.0885009765625,0.9981560111045837
61,-1,652.5173950195312,592.74658203125,759.5132446289062,727.798095703125,0.9980850219726562
61,-1,681.3197021484375,437.10174560546875,790.22021484375,574.1984252929688,0.9978508949279785
61,-1,526.4337158203125,509.9540710449219,644.819580078125,654.31005859375,0.9955176711082458
61,-1,549.8051147460938,328.2503967285156,656.0598754882812,458.9543762207031,0.9953900575637817
61,-1,959.163330078125,265.6606140136719,1034.93603515625,366.2288513183594,0.9951654672622681
61,-1,384.42205810546875,344.7789306640625,498.49090576171875,481.74420166015625,0.9945835471153259
61,-1,826.291748046875,396.8187255859375,952.923583984375,519.1774291992188,0.9941703081130981
61,-1,171.25071716308594,284.6343688964844,320.48101806640625,386.5744323730469,0.9887858629226685
61,-1,25.403114318847656,324.314697265625,179.44381713867188,429.56048583984375,0.9856167435646057
61,-1,203.70895385742188,369.7217102050781,354.4841003417969,478.3296813964844,0.9842699766159058
61,-1,1235.638671875,947.0064086914062,1279.873046875,959.9290161132812,0.3293245732784271
61,-1,1258.446533203125,940.8896484375,1279.892822265625,959.87841796875,0.2601683437824249
61,-1,1265.57568359375,918.2839965820312,1279.896728515625,959.4074096679688,0.16607840359210968
61,-1,1267.9395751953125,883.8356323242188,1279.9522705078125,958.9811401367188,0.07143273949623108
61,-1,1190.351318359375,947.7066650390625,1273.826171875,960.0,0.05251133814454079
62,-1,817.8048706054688,255.56698608398438,948.7438354492188,385.3236999511719,0.9981381893157959
62,-1,652.5521850585938,592.854248046875,759.4386596679688,727.704345703125,0.9981271624565125
62,-1,681.52685546875,437.0295104980469,790.52099609375,574.1910400390625,0.9978653788566589
62,-1,526.1158447265625,510.10089111328125,644.93994140625,654.5848999023438,0.9954719543457031
